 1 24  1 25 26
 2  1  2 27 25
 3 22 23 45 66
 4 11 12 36 68
 5 71 46 39 40
 6 71 40 41 61
 7 38 54 59 37
 8 51 33 70 74
 9 70 33 34 69
10 51 52 32 33
11 58 62 50 63
12 36 37 59 49
13 56 76 60 65
14 39 46 54 38
15 43 48 72 42
16 42 18 19 43
17 28 29 30 73
18 23 24 26 45
19  2  3 28 27
20 44 20 21 67
21 30 29  4  5
22 29 28  3  4
23  5  6 31 30
24  6  7 32 31
25  7  8 33 32
26  9 34 33  8
27  9 10 69 34
28 35 68 36 49
29 37 36 12 13
30 69 68 35 70
31 13 14 38 37
32 14 15 39 38
33 15 16 40 39
34 16 17 41 40
35 17 18 42 41
36 20 44 43 19
37 44 53 48 43
38 67 21 22 66
39 53 66 45 47
40 44 67 66 53
41 61 57 46 71
42 27 28 50 62
43 57 65 54 46
44 26 25 47 45
45 47 62 58 55
46 64 73 30 31
47 52 64 31 32
48 56 52 51 76
49 75 64 52 56
50 47 55 48 53
51 72 77 57 61
52 76 51 74 60
53 60 59 54 65
54 56 65 55 58
55 62 47 25 27
56 58 63 75 56
57 49 59 60 74
58 42 72 61 41
59 73 63 50 28
60 63 73 64 75
61 65 57 77 55
62 10 11 68 69
63 74 70 35 49
64 48 55 77 72
 65  225  165  166  224
 66  221  169  170  220
 67   14  194  196   15
 68   92  286  287   91
 69  197   21   20  981
 70  981  198  992  417
 71  272  106  107  271
 72  267  111  112  266
 73    2  199  201    3
 74  296  297  133  134
 75  234  156  157  233
 76  204    7  202  423
 77  278  100  101  277
 78  206   21  197  407
 79  207  198   19   18
 80   16  209  982   17
 81  188  248  249  187
 82  195  209   16   15
 83   13  210  194   14
 84  211  983   12   11
 85  213   10    9  984
 86    5    4  985  216
 87  215  145  146  244
 88  298  299  131  132
 89  200  985    4    3
 90   24   23  217  979
 91  217   23  205  413
 92  178  144  179  257
 93  257  179  180  256
 94  255  254  357  358
 95  253  252  355  356
 96  356  355  479  480
 97  377  174  175  376
 98  374  173  174  377
 99  475  476  352  351
100  473  474  350  349
101  219  171  172  218
102  220  170  171  219
103  222  168  169  221
104  195   15  196  405
105  222  221  378  386
106  224  166  167  223
107  226  164  165  225
108  227  226  379  380
109  227  163  164  226
110  230  229  381  390
111  230  160  161  229
112  212  211   11   10
113  390  382  231  230
114  233  157  158  232
115  235  155  156  234
116  204  203    8    7
117  236  154  155  235
118  400  395  235  234
119  153  237  238  152
120  152  238  239  151
121  240  150  151  239
122  241  149  150  240
123  240  239  399  397
124  140  215  373  139
125   82  142   83  295
126  295   83   84  294
127  294  293  312  428
128  314  315  447  446
129  291  290  314  313
130  289  288  337  315
131   78  345  346  193
132  347  192  193  346
133  315  337  450  447
134  191  245  246  190
135  190  246  247  189
136  189  247  248  188
137  207   18  208  410
138  186  250  251  185
139  252  184  185  251
140  253  183  184  252
141  254  182  183  253
142  181  255  256  180
143  141  122  977  121
144  121  977  258  120
145  305  306  124  125
146  259  119  120  258
147  260  118  119  259
148  261  117  118  260
149  117  261  262  116
150  116  262  263  115
151  456  310  322  457
152  309  458  457  322
153  114  264  265  113
154  113  265  266  112
155  268  110  111  267
156  200    3  201  406
157  269  268  308  326
158  269  109  110  268
159  271  107  108  270
160  273  105  106  272
161  274  273  316  329
162  274  104  105  273
163  979  217  989  427
164  329  317  275  274
165  277  101  102  276
166  279   99  100  278
167  206  980   22   21
168  280  279  318  332
169  281   97   98  280
170  283   95   96  282
171   95  283  284   94
172  284  283  319  334
173   94  284  285   93
174   93  285  286   92
175   91  287  288   90
176   90  288  289   89
177  290   88   89  289
178  291   87   88  290
179  292   86   87  291
180   85  293  294   84
181  140  143  145  215
182  484  138  139  373
183  403  404  243  242
184  495  359  361  486
185  514  509  396  397
186  401  398  237  236
187  135  136  361  359
188  134  135  359  296
189  132  133  297  298
190  362  297  296  482
191    6  214  202    7
192  299  300  130  131
193  360  302  301  368
194  363  303  302  360
195  305  304  371  364
196  125  126  304  305
197  122  123  307  977
198  210   13   12  983
199  513  512  601  594
200  223  167  168  222
201  282   96   97  281
202   20   19  198  981
203  346  345  469  470
204  199    2    1  978
205  979  978    1   24
206  326  320  270  269
207  270  108  109  269
208  214    6    5  216
209    8  203  984    9
210  398  402  238  237
211  154  236  237  153
212  205   23   22  980
213  332  321  281  280
214  280   98   99  279
215  208   18   17  982
216  348  349  246  245
217  349  350  247  246
218  375  384  219  218
219  228  162  163  227
220  229  161  162  228
221  212   10  213  419
222  231  159  160  230
223  233  232  391  394
224  232  158  159  231
225  366  299  298  370
226  147  243  244  146
227  242  148  149  241
228  415  991  985  200
229  115  263  264  114
230  275  103  104  274
231  330  323  277  276
232  276  102  103  275
233  218  172  173  374
234  187  249  250  186
235  221  220  385  378
236 1023  591  669  590
237  378  385  516  515
238  386  387  223  222
239  511  512  387  386
240  225  224  383  388
241  499  593 1014  588
242  499  498  389  380
243  380  389  228  227
244  426  212  419  750
245 1012  599  503  502
246  382  391  232  231
247  501  506  382  390
248  234  233  394  400
249  397  396  241  240
250  395  401  236  235
251  402  399  239  238
252  484  367  137  138
253  242  241  396  403
254  148  242  243  147
255  245  191  192  347
256  334  324  285  284
257  642  690  640  721
258  218  374  483  375
259  350  351  248  247
260  351  352  249  248
261  352  353  250  249
262  252  251  354  355
263  376  497  523  377
264  254  253  356  357
265  182  254  255  181
266  176  392  376  175
267  358  465  256  255
268  178  257  393  177
269  126  127  303  304
270  127  128  302  303
271  300  301  129  130
272  299  366  369  300
273  370  298  297  362
274  264  263  339  309
275  268  267  325  308
276  309  322  265  264
277  267  266  310  325
278  320  443  442  327
279  540  542  438  440
280  441  440  316  328
281  320  327  271  270
282  329  438  433  317
283  541  548  633  629
284  317  330  276  275
285  432  331  429  541
286  323  430  429  331
287  436  435  321  332
288  435  437  333  321
289  332  318  434  436
290  334  319  439  448
291  452  450  337  336
292  965  968  207  410
293  315  314  290  289
294  338  313  445  449
295   80  343  344   79
296  464  467  428  312
297  293  292  338  312
298   86  292  293   85
299   81  466  343   80
300   82  295  466   81
301  263  262  311  339
302  363  360  492  491
303  128  129  301  302
304  260  341  340  261
305  340  311  262  261
306  342  341  260  259
307  307  372  258  977
308  342  259  258  372
309  123  124  306  307
310  200  406  946  415
311  327  442  441  328
312  451  454  531  534
313  985  991  990  216
314  322  310  266  265
315  458  459  527  533
316  292  291  313  338
317  524  468  467  464
318  335  336  287  286
319  245  347  471  348
320  324  335  286  285
321  198  207  968  992
322  273  272  328  316
323  317  433  431  330
324  989  217  413  715
325  279  278  331  318
326  206  407  420  980
327  283  282  333  319
328  319  333  437  439
329  199  978  412  773
330  282  281  321  333
331  325  454  451  308
332  278  277  323  331
333  636  547  632  716
334  326  444  443  320
335  538  539  441  442
336  272  271  327  328
337 1021  431  433  546
338  420  774  205  980
339  543  528  439  437
340  288  287  336  337
341  446  445  313  314
342  582  491  492  575
343  305  364  365  306
344  343  466  428  467
345   79  344  345   78
346  467  468  344  343
347  554  553  447  450
348  472  473  349  348
349  416  209  195  993
350  473  562  563  474
351  251  250  353  354
352  474  475  351  350
353  354  353  477  478
354  355  354  478  479
355  520  519  384  375
356  392  176  177  393
357  465  496  392  393
358  136  137  367  361
359  581  495  486  576
360  368  301  300  369
361  367  484  574  485
362  482  296  359  495
363  487  488  366  370
364  462  341  342  558
365  303  363  371  304
366  341  462  460  340
367  655  485  574  661
368  244  463  373  215
369  454  456  529  531
370  580  488  487  578
371  522  521  402  398
372  577  658  656  579
373  663  575  662  740
374  339  459  458  309
375  372  307  306  365
376  404  463  244  243
377  209  416  424  982
378  568  479  478  567
379  481  357  356  480
380 1023  511  515  591
381  226  225  388  379
382  409  976  210  983
383  592  588  670  996
384  389  381  229  228
385 1019 1015  596  597
386  419  213  408  810
387  224  223  387  383
388  196  421  782  405
389  220  219  384  385
390  515  511  386  378
391  194  422  421  196
392  588  592  498  499
393  668  598  599  683
394  393  257  256  465
395  502  503  400  394
396  486  361  367  485
397  423  202  411  952
398  522  585  607  521
399  395  400  503  507
400  584  482  495  581
401  506  504  391  382
402  503  599  598  507
403  911  204  423  924
404  517  586  585  522
405  404  403  508  661
406  661  508  731  655
407  418  201  199  773
408  197  981  417  906
409  408  213  984  986
410  414  203  204  911
411  211  212  426  974
412  208  982  424  973
413  411  202  214  425
414  425  214  216  990
415  401  395  507  517
416  986  414  995  851
417  444  535  537  443
418  308  451  444  326
419  678  746  594  601
420  324  334  448  455
421  316  440  438  329
422  201  418  828  406
423  500  501  390  381
424  621  709  703 1029
425  432  434  318  331
426  422  194  210  976
427  510  505  379  388
428  593  499  505  595
429  505  499  380  379
430  701  619  620  700
431  398  401  517  522
432  643  472  561  644
433  519  516  385  384
434  532  617  620  529
435  498  500  381  389
436  330  431  430  323
437  979  427  412  978
438  294  428  466  295
439  449  464  312  338
440  626  631  542  540
441  545  432  541  629
442  542  546  433  438
443  630  545  629  711
444  635  543  544  550
445  545  549  434  432
446  437  435  544  543
447  539  627  624  540
448  616  618  530  528
449  539  540  440  441
450  537  622  623  538
451  537  538  442  443
452  611  534  531  619
453  454  325  310  456
454  451  534  535  444
455  468  524  559  469
456  559  690  642  560
457  336  335  453  452
458  348  471  561  472
459  455  453  335  324
460  450  452  552  554
461  555  552  452  453
462  455  448  530  557
463  528  530  448  439
464  459  339  311  461
465  368  369  489  490
466  461  311  340  460
467  360  368  490  492
468  525  462  558  494
469  491  493  371  363
470  558  342  372  365
471  493  494  364  371
472  463  574  484  373
473  524  464  449  536
474  571  496  465  358
475  468  469  345  344
476  346  470  471  347
477  445  551  536  449
478  470  560  561  471
479 1044  639  625  704
480  563  645  646  564
481  587  653  728  675
482  564  475  474  563
483  353  352  476  477
484  565  476  475  564
485  587  589  516  519
486  566  477  476  565
487  652  729  730  654
488  496  497  376  392
489  496  571  600  497
490  358  357  481  571
491  374  377  523  483
492  485  655  576  486
493  509  508  403  396
494  487  370  362  570
495  570  362  482  584
496  614  612  527  526
497  369  366  488  489
498  526  461  460  556
499  676  660  694  614
500  816  758  817 1030
501  614  526  556  676
502  494  493  583  525
503  365  364  494  558
504  508  509  602  731
505  480  569  573  481
506  675  667  589  587
507  670  673  976  409
508  680  596  671  786
509  504  502  394  391
510  586  665  666  585
511  605  506  597  682
512  684  605  682  988
513  501 1019  597  506
514  521  518  399  402
515  397  399  518  514
516  388  383  513  510
517  672  593  595  677
518  782  999  746 1000
519  383  387  512  513
520  607  685  609  521
521  520  572  691  653
522  375  483  572  520
523  569  652  654  573
524  567  478  477  566
525  518  521  609  608
526  584  686  651  570
527  586  517  507  598
528  551  445  446 1020
529  525  556  460  462
530  526  527  459  461
531  532  529  456  457
532 1029  616  528  543
533  619  531  529  620
534  555  557  625  639
535  453  455  557  555
536  613  611  692  696
537  533  532  457  458
538  579  490  489  577
539  534  611  613  535
540  446  447  553 1020
541  536  551  640  690
542  770  772  708  705
543  538  623  627  539
544  624  707  626  540
545 1004  429  430  431
546  710  713  631  626
547 1035  616 1029  699
548  435  436  550  544
549  621 1029  543  635
550  699 1029  703 1013
551  631  632  546  542
552  431 1021  547 1004
553  712  633  715  413
554  548  541  429 1004
555  630  637  549  545
556  436  434  549  550
557  560  470  469  559
558  641  719  721  640
559  641  640  551 1020
560  628  706  719  641
561  698  704  625  618
562  582  575  663  660
563  625  557  530  618
564  553  628  641 1020
565  628  553  554  634
566  788  787 1053  839
567  562  473  472  643
568  648  566  565  647
569  647  565  564  646
570  649  567  566  648
571  650  568  567  649
572  479  568  569  480
573  481  573  600  571
574  523  610  572  483
575  463  404  661  574
576  731  657  576  655
577  489  488  580  577
578  862  816 1030  864
579  487  570  651  578
580  791  659  727  814
581  615  533  527  612
582  492  490  579  575
583  579  656  662  575
584  659  580  578  727
585  606  602  509  514
586  602  606  689  688
587  556  525  583  676
588  493  491  582  583
589  580  659  658  577
590  586  598  668  665
591  669  667  737  739
592  519  520  653  587
593  670  409  974  996
594  667  669  591  589
595  591  515  516  589
596  798  801  739  737
597  603  511 1023  590
598 1015  592  671  596
599  595  505  510 1018
600  975  673 1014  593
601  677  595 1018  594
602  510  513  594 1018
603  597  596  680  682
604  500 1015 1019  501
605  748  741  683 1009
606  502  504 1010 1012
607  734  733  665  668
608  603  601  512  511
609  679  739  801  747
610  514  518  608  606
611  590  669  739  679
612  504  506  605 1010
613  604 1010  605  684
614  741  748  800  795
615  689  606  608  687
616  806  849  855  812
617  732  799  658  659
618  674  607  585  666
619  610  523  497  600
620  693  611  619  701
621  759  761  696  692
622  535  613  622  537
623  676  583  582  660
624  660  663  738  694
625  533  615  617  532
626  698  618  616 1035
627  692  611  693  758
628  643  722 1041  562
629  697  612  695  762
630  763 1027  765 1022
631  696  702  622  613
632  705  708  627  623
633  707 1003  710  626
634  702  705  623  622
635  552  638  634  554
636  638  552  555  639
637  774  712  413  205
638  709  714 1007  703
639  716  713  427  989
640  546  632  547 1021
641  633  548  636  715
642  712  711  629  633
643  777  719  706  778
644  637  635  550  549
645  636  548 1004  547
646  774  776  711  712
647  638  639 1051  720
648  764  704  763  826
649  690  559  524  536
650  561  560  642  644
651  643  644 1045  722
652  822 1022  765  825
653  645  563  562 1041
654  646  787  723  647
655  675  728  790  745
656  724  648  647  723
657  650  726  729  652
658  568  650  652  569
659  861  730  794  843
660  691  572  610  654
661  657  664  581  576
662  727  578  651  756
663  752  685  607  674
664  766  701  700  767
665  736  807  662  656
666  754  687 1038  753
667  584  581  664  686
668 1031  795 1016  796
669  791  840  732  659
670  742  674  666  665
671  683  599  604 1009
672  741  734  668  683
673  808  747  801  850
674  588 1014  673  670
675  422  975  743  421
676  976  673  975  422
677  975  593  672  743
678  756  651  686  744
679 1036  876  860  815
680  725  649  648  724
681  677  594  746  999
682  601  603  681  678
683  999  782  421  743
684  603  590  679  681
685  682  680  750  988
686  809  751  810  408
687 1009  604  684  751
688  750  419  810  988
689  654  610  600  573
690 1038  609  685  753
691  657  688  735  664
692  687  608  609 1038
693  688  657  731  602
694  688  689  755  735
695  691  654  730  861
696  816  759  692  758
697  617  697  700  620
698  758  693  760  817
699  695  612  614  694
700  799  736  656  658
701  615  612  697  617
702  818  819  761  759
703  695  694  738 1052
704  698 1027  763  704
705  821  866  869  826
706  709  621  635  637
707  761  768  702  696
708  634  717  706  628
709  772  770  828  418
710  717  634  638  720
711  708  707  624  627
712  412  710 1003  773
713  768  770  705  702
714  630  714  709  637
715  765 1013  769  825
716  713  710  412  427
717  830  776  774  420
718  632  631  713  716
719  714  630  711  776
720  715  636  716  989
721  720 1051  779  717
722  771  718 1050 1044
723  719  777  781  721
724 1045  784  832  785
725  784  781  777  832
726  645 1041  783  646
727  745  790  837  802
728  837  860  896 1024
729  723  787  788  724
730  649  725  726  650
731  745  737  667  675
732  811  756  744  804
733  757  653  691  861
734  729  793  794  730
735  820  817  760  766
736  838  804  755  754
737  733  734 1031  796
738  849  886  891  855
739  741  795 1031  734
740  664  735  744  686
741  738  663  740 1052
742  801  798  847  850
743  808  805  749  747
744  803  736  799  853
745  807  736  803  854
746  814  727  756  811
747  743  672  677  999
748  789  725  724  788
749  678  681  749 1006
750  782 1000  805  405
751  681  679  747  749
752  845  800  851  995
753  750  680  786  426
754  748 1009  751  809
755  685  752 1037  753
756  846  797 1032  844
757  735  755  804  744
758  687  754  755  689
759  653  757 1040  728
760  862  863  865  818
761  760  693  701  766
762  818  759  816  862
763  892 1049  925  910
764  865  867  819  818
765  697  762  767  700
766  868  822  825  871
767  771  764  826  872
768  771 1044  704  764
769 1022  822  866  821
770  819  827  768  761
771 1007  714  775  994
772  831  718  771 1034
773  772  418  773 1003
774  707  708  772 1003
775  830  420  407  987
776  775  714  776  830
777  825  769  829  871
778  778  706  717  780
779  780  717  779  834
780  835  783  836  878
781 1042  832  777  778
782  779  718  831  834
783 1045  644  781  784
784  781  644  642  721
785  722 1045  785 1041
786  783 1041  785  836
787  786  996  974  426
788  646  783  835  787
789  848  847  798  802
790  847  848  887  888
791  802  798  737  745
792  725  789  792  726
793 1040  815  790  728
794  726  792  793  729
795  793  842  843  794
796 1008  897  971  884
797  795  800  845 1016
798  919  885  918 1011
799  797  733  796 1032
800  846  884  885  886
801  742  797  849  806
802  863  862  898  900
803  800  748  809  851
804 1016  845 1008  844
805  852  808  850  889
806  879  940  937  887
807  762  695 1052  823
808  813  753 1037  812
809  852  405  805  808
810 1046  858  893  894
811  740  662  807  856
812  408  986  851  809
813  988  810  751  684
814  838  857  811  804
815  855  891  893  858
816  806  812 1037  752
817  813  838  754  753
818 1036  757  861  843
819  870  864  820  824
820  415  946  867  901
821  823  856  890  824
822  821  826  763 1022
823  903  869  866  902
824  905  868  871  417
825  767  762  823  824
826  803  853  892  854
827  766  767  824  820
828  769 1007  994  829
829  866  822  868  902
830  828  827  946  406
831  770  768  827  828
832  830  987  994  775
833  871  829  906  417
834  906  987  407  197
835  873  874  834  831
836 1042  833  875  832
837  833  780  834  874
838  907  908 1026  872
839  954  930  953  963
840 1034  771  872 1026
841  875  836  785  832
842  875  833  874  935
843  835  877 1053  787
844  917 1001  920 1005
845 1054  882  841 1048
846  855  858  813  812
847 1024  848  802  837
848  799  732  840  853
849  791  814  859  895
850 1048  841 1039 1047
851  789  788  839  882
852  843  842  876 1036
853  842  793  792 1054
854  945  959  951  929
855  911  897  995  414
856  971  924 1002  918
857  849  797  846  886
858  424 1001  917  973
859 1024  896 1028 1025
860  880  839 1053  912
861  884  846  844 1008
862  995  897 1008  845
863  416  993  852  889
864  853  840  881  914
865  899  898  862  864
866  870  824  890  910
867  856  807  854  890
868  814  811  857  859
869  838  813  858 1046
870  944  959  945  923
871  837  790  815  860
872  926  927  898  899
873  817  820  864 1030
874  927  928  900  898
875  904  870  910  925
876  863  901  867  865
877  827  819  867  946
878  902  868  905  931
879  872  826  869  907
880  890  854  892  910
881  987  906  829  994
882  902  931  930  903
883  907  932  933  908
884 1026  873  831 1034
885  877  835  878 1033
886  908  909  873 1026
887 1039  841  882  915
888  896  860  876 1043
889  878  836  875  935
890  882  839  880  915
891  912 1053  877 1033
892  887  937  920  888
893  840  791  895  881
894  916 1039  915  957
895 1047 1039  916  939
896  842 1054 1043  876
897  884  971  918  885
898  997  961  950  962
899  416  889 1001  424
900  850  847  888  889
901  922  947  893  891
902  904  899  864  870
903  921  922  891  886
904  859  857  894  895
905 1046  894  857  838
906  883 1028  896 1043
907  960 1002  952  997
908  991  998  972  990
909  863  900  998  901
910  969  942  963  953
911  942  917 1005  956
912  954  963  964  955
913  907  869  903  932
914 1049  892  853  914
915  905  417  992  968
916  930  954  932  903
917  913  935  909  934
918  874  873  909  935
919  897  911  924  971
920  912 1033  913  938
921 1028  883  939  879
922  878  935  913 1033
923  908  933  934  909
924  881  895  947  923
925  919  921  886  885
926  936  880  912  938
927  883 1048 1047  939
928  973  917  942  969
929  941  962  958  943
930  919  941  943  921
931  963  942  956  964
932  943  944  922  921
933  894  893  947  895
934  914  881  923  945
935  928  927  966  972
936  929  904  925  945
937  929  926  899  904
938  949  950  927  926
939  998  900  928  972
940  931  905  968  965
941  931  965  953  930
942  934  948  938  913
943  915  880  936  957
944  916  940  879  939
945  970  948  955  964
946  948  934  933  955
947  941  919 1011  960
948  918 1002  960 1011
949  937 1017 1005  920
950  944  923  947  922
951  914  945  925 1049
952  936  938  948  970
953  932  954  955  933
954  958  949  951  959
955  951  949  926  929
956  966  961  411  425
957  966  927  950  961
958  924  423  952 1002
959  952  411  961  997
960  970  967  957  936
961  970  964 1017  967
962  937  940  967 1017
963  940  916  957  967
964  962  941  960  997
965  959  944  943  958
966  962  950  949  958
967  969  953  965  410
968 1017  964  956 1005
969  972  966  425  990
970  973  969  410  208
971  211  974  409  983
972  986  984  203  414
973  415  901  998  991
974  993  195  405  852
975  996  786  671  592
976 1006 1000  746  678
977  805 1000 1006  749
978 1001  889  888  920
979  703 1007  769 1013
980 1012 1010  604  599
981 1013  765 1027  699
982 1015  500  498  592
983 1016  844 1032  796
984  848 1024 1025  887
985  879  887 1025 1028
986 1027  698 1035  699
987  797  742  665  733
988 1036  815 1040  757
989 1042  778  780  833
990  752  674  742  806
991 1048  883 1043 1054
992 1051 1050  718  779
993 1050 1051  639 1044
994  856  823 1052  740
995 1054  792  789  882