  1  24  25  69  85
  2 175  68 100  77
  3   1   2  44  53
  4 177  52  21  22
  5  93 183  79 107
  6  45   5   6  87
  7  86   7  30  58
  8 185  86  58 115
  9   9  46  59  31
 10  57 103  97  87
 11  81 109  99  60
 12 178  62  76 120
 13  13 179  62  34
 14 191  75  71 129
 15  15  36  80  63
 16 131 142 120  76
 17  48  65  17  18
 18  92  94  64  84
 19  49  48  18  38
 20 192 153 201 126
 21  41 176 177  22
 22  55  89 183  93
 23   5  45  56  28
 24  78  88  59 186
 25  46   9  10  82
 26  81  11  33  61
 27 112 163  97 103
 28 180 179  13  14
 29 194 130 196 127
 30  65  70  92  84
 31  50  19  39  66
 32  71  49  50 181
 33  72  52  43  91
 34  85  68  42  24
 35  25   1  53  69
 36  87  97 184  45
 37  90   3  27  55
 38  54  26   3  90
 39  87   6  29  57
 40  57  29   7  86
 41  82  10  32  60
 42  60  32  11  81
 43  14  35  83 180
 44  35  15  63  83
 45  75  48  49  71
 46  66  39  20  51
 47  51  20  40  67
 48  66  73 181  50
 49  67  40  21  52
 50 202 182  72 193
 51 175  77  43 176
 52 114  95 119 145
 53  90  95 114  54
 54  55  27   4  89
 55  89   4  28  56
 56  97 163 159 184
 57 117 155 138 126
 58  58  30   8  88
 59  88   8  31  59
 60 132 204 123 134
 61  46  82 187 101
 62  61  33  12 178
 63 178  12  34  62
 64  76  62 179  47
 65 133  83  63 102
 66  36  16  64  80
 67  16  37  84  64
 68  37  17  65  84
 69  70  65  48  75
 70  50  49  38  19
 71 108  85  69 118
 72  55  93  95  90
 73  74 182 202 104
 74  92 121 106  94
 75  73  66  51  74
 76 100  68  85 108
 77  77 189  91  43
 78 192 181  73 153
 79  74  51  67 182
 80 109  81  61 188
 81  98  53  44  96
 82 123 185 115 134
 83  79  56  45 184
 84 128 180  83 133
 85  23  42  68 175
 86  44   2  26  54
 87  80  64  94 110
 88 124 113 135 162
 89  93 107 119  95
 90  96  44  54 114
 91 113  96 114 145
 92 103  57  86 185
 93  78 116 134 115
 94 189 127 197  91
 95  53  98 118  69
 96  99 109 122 111
 97 186 101 111 198
 98 187  82  60  99
 99 180 128  47 179
100  63  80 110 102
101 115  58  88  78
102 129 192 126 148
103  74 104 153  73
104 121  92  70 105
105 105  70  75 191
106 133 151 131 128
107 144 147 163 112
108 118  98 124 130
109 178 120 188  61
110 122 109 188 120
111  94 106 150 110
112  99 111 101 187
113 148 126 138 161
114  79 184 159 107
115 123 112 103 185
116  98  96 113 124
117 186 198 116  78
118 131 151 156 142
119 200 193 197 117
120 155 117 139 149
121 141 166 164 152
122 128 131  76  47
123 149 139 162 135
124 194 108 118 130
125 125 116 198 111
126 122 136 125 111
127 104 202 201 153
128 117 197 127 139
129 105 191 140 121
130  71 181 192 129
131 166 141 140 148
132 102 190 151 133
133 204 132 160 144
134 158 116 125 146
135 137 119 107 147
136 143 146 125 136
137 134 116 158 132
138 142 136 122 120
139 147 107 159 163
140 154 146 143 168
141 172 152 164 174
142 139 127 196 162
143 149 135 157 165
144 121 140 141 106
145 140 191 129 148
146 161 203 174 164
147 136 142 156 143
148 158 146 154 167
149 135 113 145 157
150 145 119 137 169
151 165 157 171 203
152 203 161 138 155
153 102 110 150 190
154 106 141 152 150
155 156 172 168 143
156 144 160 137 147
157 167 160 132 158
158 199 160 167 170
159 167 154 171 170
160 130 124 162 196
161 165 203 155 149
162 173 171 154 168
163 156 151 190 172
164 145 169 199 157
165 137 160 199 169
166 171 157 199 170
167 161 164 166 148
168 174 203 171 173
169 174 173 168 172
170  41  23 175 176
171 177 176  43  52
172 182  67  52  72
173 183  89  56  79
174 186  59  46 101
175 195 189  77 100
176 190 150 152 172
177 193  72  91 197
178 201 202 193 200
179 189 195 194 127
180 100 108 194 195
181 200 117 126 201
182 112 123 204 144
183 271 272 309 325
184 353 284 285 352
185 321 441 595 443
186 310 296 297 343
187 658 612 422 403
188 311 299 300 341
189 312 217 218 362
190 393 230 231 392
191 596 358 442 675
192 313 242 243 383
193 314 245 246 381
194 378 672 440 676
195 315 293 294 345
196 432 542 547 431
197 316 288 289 349
198 458 483 556 588
199 268 269 317 327
200 318 239 240 385
201 430 433 543 546
202 319 234 235 389
203 557 574 502 503
204 320 214 215 364
205 452 531 418 535
206 279 251 280 357
207 357 280 281 356
208 597 595 526 486
209 441 277 278 487
210 441 321 276 277
211 275 276 321 322
212 583 472 443 600
213 322 323 274 275
214 514 518 325 309
215 539 416 530 511
216 327 328 267 268
217 328 329 266 267
218 329 330 265 266
219 264 265 330 331
220 263 264 331 332
221 262 263 332 333
222 261 262 333 334
223 260 261 334 335
224 451 455 333 332
225 259 260 335 336
226 258 259 336 337
227 337 338 257 258
228 304 254 305 377
229 304 377 456 303
230  21 438 403  22
231 302 339 340 301
232  40 401 438  21
233 299 311 342 298
234  20 412 401  40
235 296 310 344 295
236 519 470 315 345
237  38 407 428  19
238 293 315 346 292
239 292 346 347 291
240 291 347 348 290
241 532 482 529 407
242  37 413 432  17
243 288 316 350 287
244 351 286 287 350
245 352 285 286 351
246 634 556 610 649
247 354 283 284 353
248 282 355 356 281
249 225 252 226 397
250 397 226 227 396
251 596 675 598 601
252 442 223 224 506
253 222 358 359 221
254 488 445 702 569
255 623 625 565 571
256 220 360 361 219
257 217 312 363 216
258 312 513 517 363
259 538 417 531 512
260 214 320 365 213
261 213 365 366 212
262 212 366 367 211
263 211 367 368 210
264 369 209 210 368
265 370 208 209 369
266 371 207 208 370
267 372 206 207 371
268 594 602 640 593
269 373 205 206 372
270 307 375 376 306
271 306 376 377 305
272 253 255 672 250
273 255 256 440 672
274 461 676 478 638
275 335 334 476 462
276 248 379 380 247
277  31 400 436   9
278 381 380 498 463
279 245 314 382 244
280 414 673   8  30
281 242 313 384 241
282 520 471 318 385
283 406 429  29   6
284 239 318 386 238
285 238 386 387 237
286 387 388 236 237
287 501 533 546 521
288 415 433  28   4
289 234 319 390 233
290 391 232 233 390
291 392 231 232 391
292 557 611 650 635
293 394 229 230 393
294 228 395 396 227
295 364 465 460 320
296 360 488 489 361
297 510 503 390 319
298 501 471 686 533
299 686 545 434 429
300 469 562 564 499
301 416  12 419 530
302 326 466 454 317
303 322 472 473 323
304 484 350 316 508
305 529 482 470 519
306 529 544 428 407
307 447 515 560 612
308 417  24 418 531
309 272 273 324 309
310 409 425  13  34
311 343 297 298 342
312  19 428 435  39
313 341 300 301 340
314 457 468 311 341
315 362 218 219 361
316 411 424   1  25
317 383 243 244 382
318 429 434   7  29
319 381 246 247 380
320 463 469 314 381
321 345 294 295 344
322 349 289 290 348
323 674  16  36 399
324 269 270 326 317
325 416 409  34  12
326 385 240 241 384
327 389 235 236 388
328 398 415   4  27
329 364 215 216 363
330 417 411  25  24
331 321 443 472 322
332 273 274 323 324
333 421 405  35  14
334 617 568 700 619
335 270 271 325 326
336 425 421  14  13
337  33 410 419  12
338 474 450 330 329
339 449 475 328 327
340  32 423 427  11
341  10 404 423  32
342 561 680 451 516
343 334 333 455 476
344 562 632 682 564
345   9 436 404  10
346 338 337 477 478
347 249 378 379 248
348 478 676 440 338
349 256 257 338 440
350 339 302 303 456
351 308 374 375 307
352 457 341 340 479
353 468 480 342 311
354 310 343 507 481
355 470 482 346 315
356  18 431 407  38
357  17 432 431  18
358 483 458 352 351
359 484 483 351 350
360 405 437  15  35
361 575 485 524 584
362 355 354 485 486
363 283 354 355 282
364 486 526 356 355
365 279 357 487 278
366 359 445 488 360
367 358 222 223 442
368 221 359 360 220
369 420 402  26   2
370 620 693 570 569
371 424 420   2   1
372  42 408 418  24
373 490 446 368 367
374 452 491 366 365
375  41 422 426  23
376  22 403 422  41
377 652 581 636 659
378 444 492 372 371
379 373 372 492 493
380 494 479 340 339
381 205 373 374 308
382 590 492 444 578
383 496 495 573 599
384 496 528 376 375
385 456 377 376 528
386 378 249 250 672
387 462 497 336 335
388 498 380 379 461
389 469 499 382 314
390 313 383 509 500
391 471 501 386 318
392 430 406   6   5
393 433 430   5  28
394 502 464 392 391
395 503 502 391 390
396 402 439   3  26
397 585 576 504 525
398 395 394 504 505
399 229 394 395 228
400 505 527 396 395
401 225 397 506 224
402  27   3 439 398
403  36  15 437 399
404 400  31   8 673
405  20  39 435 412
406 408  42  23 426
407 410  33  11 427
408 480 507 343 342
409 316 349 523 508
410 413  37  16 674
411  30   7 434 414
412 499 509 383 382
413 510 319 389 679
414 317 454 511 327
415 320 460 512 365
416 490 535 536 446
417 491 490 367 366
418 474 534 537 450
419 475 474 329 328
420 362 459 513 312
421 453 514 309 324
422 446 515 369 368
423 450 516 331 330
424 460 549 538 512
425 550 539 677 552
426 555 455 451 680
427 519 345 344 467
428 520 385 384 540
429 501 521 387 386
430 522 347 346 482
431 558 691 690 548
432 523 349 348 448
433 510 683 559 503
434 678 679 389 388
435 500 509 554 669
436 481 507 692 553
437 591 579 463 498
438 462 587 582 497
439 458 524 353 352
440 593 581 468 457
441 464 525 393 392
442 607 584 588 629
443 370 447 444 371
444 445 359 358 596
445 585 589 608 604
446 447 370 369 515
447 347 522 448 348
448 516 451 332 331
449 388 387 521 678
450 453 324 323 473
451 466 326 325 518
452 459 362 361 489
453 465 364 363 517
454 477 497 582 577
455 633 632 562 579
456 424 411 549 625
457 384 313 500 540
458 550 615 425 409
459 344 310 481 467
460 652 681 563 581
461 554 616 622 669
462 575 603 600 597
463 567 473 472 583
464 700 568 473 567
465 530 419 534 449
466 475 449 534 474
467 455 555 580 476
468 580 587 462 476
469 638 478 477 577
470 497 477 337 336
471 676 461 379 378
472 493 495 374 373
473 484 508 690 691
474 610 556 691 558
475 486 485 575 597
476 524 485 354 353
477 487 357 356 526
478 604 701 576 585
479 569 570 489 488
480 491 452 535 490
481 594 599 573 602
482 339 456 528 494
483 495 496 375 374
484 668 681 652 659
485 528 496 599 494
486 638 577 592 591
487 540 500 669 614
488 679 546 543 684
489 559 611 557 503
490 505 504 576 598
491 525 504 394 393
492 527 505 598 675
493 527 506 397 396
494 563 480 468 581
495 481 553 541 467
496 618 542 432 413
497 660 543 433 415
498 539 511 454 677
499 449 327 511 530
500 452 365 512 531
501 489 570 698 459
502 517 513 551 465
503 453 473 568 696
504 566 552 687 688
505 446 536 560 515
506 537 561 516 450
507 465 551 549 460
508 544 467 541 613
509 545 520 540 614
510 678 521 546 679
511 448 522 547 542
512 523 448 542 548
513 679 684 683 510
514 574 589 464 502
515 441 487 526 595
516 506 527 675 442
517 406 533 686 429
518 532 407 431 547
519 522 482 532 547
520 406 430 546 533
521 534 419 410 537
522 535 418 408 536
523 536 408 426 560
524 537 410 427 561
525 411 417 538 549
526 466 518 677 454
527 409 416 539 550
528 548 542 618 558
529 428 544 613 435
530 519 467 544 529
531 508 523 548 690
532 552 677 518 687
533 565 551 513 697
534 551 565 625 549
535 514 572 687 518
536 624 615 566 689
537 553 692 563 621
538 541 553 621 613
539 509 499 564 554
540 578 612 658 631
541 578 444 447 612
542 637 628 580 555
543 643 661 607 655
544 556 483 484 691
545 662 656 644 627
546 610 558 618 413
547 559 683 660 611
548 543 660 683 684
549 463 579 562 469
550 480 563 692 507
551 645 622 616 682
552 571 565 697 698
553 625 623 420 424
554 572 514 453 696
555 615 624 421 425
556 655 607 629 634
557 685 651 617 619
558 608 630 656 662
559 693 571 698 570
560 689 617 651 624
561 572 696 688 687
562 479 594 593 457
563 495 493 586 573
564 703 567 583 626
565 627 644 620 569
566 600 443 595 597
567 596 601 702 445
568 498 461 638 591
569 705 605 639 706
570 582 704 592 577
571 458 588 584 524
572 525 464 589 585
573 590 586 493 492
574 588 556 634 629
575 584 607 603 575
576 574 557 635 589
577 631 605 590 578
578 594 479 494 599
579 602 573 586 705
580 601 598 576 701
581 605 705 586 590
582 639 636 640 706
583 694 647 685 699
584 603 626 583 600
585 620 644 648 693
586 642 639 605 631
587 609 695 628 654
588 663 647 694 643
589 664 648 644 656
590 580 628 695 587
591 653 654 628 637
592 422 612 560 426
593 637 555 680 423
594 413 674 649 610
595 650 415 398 671
596 635 630 608 589
597 412 435 613 621
598 614 414 434 545
599 615 550 552 566
600 401 412 681 668
601 646 633 579 641
602 414 622 645 673
603 647 405 651 685
604 623 648 402 420
605 626 661 643 694
606 701 662 627 601
607 669 622 414 614
608 616 554 564 682
609 680 561 427 423
610 627 569 702 601
611 654 653 666 657
612 665 668 659 642
613 641 579 591 592
614 646 657 632 633
615 606 609 646 641
616 636 581 593 640
617 636 639 642 659
618 404 653 637 423
619 706 640 602 705
620 658 403 438 665
621 405 647 663 437
622 648 664 439 402
623 667 645 682 632
624 400 673 645 667
625 667 632 657 666
626 651 405 421 624
627 699 685 619 703
628 634 649 670 655
629 415 650 611 660
630 635 650 671 630
631 693 648 623 571
632 404 436 666 653
633 646 609 654 657
634 656 630 671 664
635 642 631 658 665
636 399 670 649 674
637 655 670 663 643
638 661 626 603 607
639 608 662 701 604
640 665 438 401 668
641 667 666 436 400
642 670 399 437 663
643 671 398 439 664
644 681 412 621 563
645 686 471 520 545
646 689 566 688 617
647 704 695 609 606
648 697 513 459 698
649 626 694 699 703
650 688 696 568 617
651 700 567 703 619
652 704 582 587 695
653 606 641 592 704