 1 10  9 21 15
 2  3 21  9  1
 3 19 18 17 20
 4 20 15  4  5
 5 12 16 17 13
 6  7  8 14 18
 7 11 10 15 16
 8  2 11 16 12
 9 13 17 18 14
10 15 21  3  4
11 16 15 20 17
12  6  7 18 19
13  5  6 19 20
14 23  1  9 34
15 11 31 32 10
16 10 32 34  9
17 31 33 35 32
18 33 31 25 26
19 32 35 36 34
20  2 25 31 11
21 26 27 37 33
22 22 23 34 36
23 28 37 27 24
24 36 35 30 22
25 33 37 28 29
26 35 33 29 30
27 45 46 48 47
28 43 45 47 44
29 45 43 12 13
30 44 26 25 43
31 49 27 26 44
32 46 45 13 14
33 14  8 39 46
34  2 12 43 25
35 38 49 44 42
36 41 47 48 40
37 46 39 40 48
38 47 41 42 44
39 38 24 27 49