  1  45   1  25  31
  2  24   1  45  46
  3  32  47   4   5
  4  47  69  71  73
  5  33  49   7   8
  6  99  96  95 118
  7  34  41  10  11
  8  68 113  78 105
  9  35  42  14  15
 10 107  84 115  50
 11  29  18  43  63
 12 108  42  35 100
 13  36  43  18  19
 14  57 109 100  35
 15  74  48  80  86
 16  21  30  38  37
 17  59 111  90  36
 18  31 103  39 104
 19  28  14  42  62
 20  65  32  53 105
 21 102  38  30  22
 22  47  73   3   4
 23   5  26  53  32
 24  26   6  40  53
 25   8   9  54  33
 26  70  54   9  27
 27  11  12  55  34
 28  12  13  56  55
 29  15  16  57  35
 30  16  17  58  57
 31  19  20  59  36
 32  20  21  37  59
 33  38 102  61  37
 34  22  23  60 102
 35 111  59  37  61
 36 103  31  25   2
 37  49  40   6   7
 38  50  70  41 107
 39  27  10  41  70
 40  55  94  85  34
 41  52  93  97 110
 42 104  64  45  31
 43  64  66  46  45
 44  66  64  74 101
 45  23  24  46  60
 46  32  65  69  47
 47  64 104  48  74
 48  72  54  70  50
 49  49  67  68  40
 50  52  43  36  90
 51  62  56  13  28
 52  85  94 116  91
 53  63  58  17  29
 54 110  63  43  52
 55 102  60  44  61
 56  60  46  66  44
 57  79 101 117  87
 58 110  97  58  63
 59  39  75  48 104
 60  82  75  77  88
 61  44  66 101  79
 62  33 106  67  49
 63  78 119  83 112
 64 105  78 112  65
 65  77  71  69  83
 66  75  39  71  77
 67  73  71  39 103
 68 123  76  67 106
 69 123 106  72 114
 70   2   3  73 103
 71  89  82  88 120
 72  65 112  83  69
 73 115  84  81 122
 74 119  88  77  83
 75 113  68  67  76
 76 124 121 113  76
 77  61  44  79 111
 78  80  48  75  82
 79  95  96  92  91
 80  86  80  82  89
 81  84 107  85  91
 82  95  91 116  51
 83  94  55  56 116
 84  98  89  96  99
 85  90  87  93  52
 86 111  79  87  90
 87 121 120  88 119
 88  84  91  92  81
 89  51 108 118  95
 90  89 120  92  96
 91  62  51 116  56
 92  97  99 100 109
 93  98  93  87 117
 94  99  97  93  98
 95  98 117  86  89
 96 118 108 100  99
 97 109  57  58  97
 98 101  74  86 117
 99 105  53  40  68
100 106  33  54  72
101 107  41  34  85
102  42 108  51  62
103 121 124 122  81
104 114  72  50 115
105 123 114 115 122
106 119  78 113 121
107  81  92 120 121
108 123 122 124  76
109 156 157 237 229
110 340  14  28 318
111 808 334 340 383
112 333 401 322  19
113 341 335 344 416
114 349 417 286 285
115 275 206 207 232
116 338   2  25 319
117 802 809 380 792
118 292 803 346 537
119 499 496 397 376
120 331 424 325   7
121 444 327 804 443
122 233 177 178 258
123 439 352 262 261
124 448 323 403 762
125 477 471 353 386
126 473 481 393 355
127 437 241 240 353
128 627 563 514 524
129 234 227 228 298
130 475 469 574 588
131 440 359 302 301
132 445 324 426 761
133 360 442 278 277
134 474 584 591 831
135 163 138 164 271
136 271 164 165 270
137 270 362 411 271
138 363 161 162 411
139 363 235 160 161
140  14 340 334  15
141 157 158 230 237
142 229 238 155 156
143 154 155 238 239
144 153 154 239 240
145 152 153 240 241
146 151 152 241 242
147 150 151 242 243
148 149 150 243 244
149 148 149 244 245
150 147 148 245 246
151 146 147 246 247
152 145 146 247 248
153 514 499 376 356
154 144 145 248 249
155 143 144 249 250
156 142 143 250 251
157 251 252 141 142
158 188 137 189 291
159 291 189 190 290
160 290 289 366 420
161 367 366 289 288
162 419 186 187 421
163 369 184 185 368
164 183 253 254 182
165 255 181 182 254
166 540 369 368 464
167 180 256 257 179
168  18 328 333  19
169 177 233 259 176
170 260 175 176 259
171 261 174 175 260
172 262 173 174 261
173 263 172 173 262
174 264 171 172 263
175 265 170 171 264
176 266 169 170 265
177 268 167 168 267
178 166 269 270 165
179 213 136 214 311
180 311 214 215 310
181 310 372 434 311
182 373 211 212 434
183 210 272 273 209
184   2 338 336   3
185 232 207 208 274
186 205 231 276 204
187 277 203 204 276
188 278 202 203 277
189 279 201 202 278
190 280 200 201 279
191 281 199 200 280
192 282 198 199 281
193 283 197 198 282
194 284 196 197 283
195 285 195 196 284
196 286 194 195 285
197 287 193 194 286
198 288 192 193 287
199 191 289 290 190
200 135 139 803 134
201 139 140 346 803
202 396 463 541 395
203 249 356 376 250
204 456 247 246 459
205 337 339  27   9
206 129 293 294 128
207 295 127 128 294
208 126 296 297 125
209   6 329 331   7
210 227 234 299 226
211 300 225 226 299
212 301 224 225 300
213 302 223 224 301
214 303 222 223 302
215 304 221 222 303
216 305 220 221 304
217 272 430 379 273
218 306 219 220 305
219 308 217 218 307
220 216 309 310 215
221 387 413 480 478
222 358 381 329 330
223 487 392 393 481
224 386 391 479 477
225 351 384 328 332
226 482 488 414 415
227 391 238 229 461
228 158 159 236 230
229 406 405 266 265
230 276 231 413 387
231 231 205 206 275
232 274 208 209 273
233 429 428 306 305
234 258 178 179 257
235 233 258 450 388
236 298 228 125 297
237 234 298 447 389
238 267 168 169 266
239 352 390 263 262
240 159 160 235 236
241 238 391 386 239
242 320  12  11 806
243 317 806  11  10
244  12 320 321  13
245 393 243 242 355
246 365 394 339 337
247 312 337   9   8
248 395 130 131 396
249 396 398 465 463
250 541 463 551 613
251 133 292 398 132
252 346 252 375 537
253 140 141 252 346
254 254 253 370 399
255 253 183 184 369
256 322 315  20  19
257 181 255 256 180
258 384 751 333 328
259 256 255 400 402
260 323 805  17  16
261  29 332 328  18
262 323  16 314 403
263 352 439 486 491
264 264 263 390 404
265 265 264 404 406
266 390 352 491 519
267 543 538 362 410
268 509 408 405 516
269 405 408 267 266
270 167 268 269 166
271 270 269 410 362
272 363 411 362 538
273 163 271 411 162
274 272 210 211 373
275 307 218 219 306
276 359 412 303 302
277 327  24  23 804
278   1 326 319  25
279 281 280 415 414
280 348 415 280 279
281  30  21 335 341
282 315 335  21  20
283 556 559 515 527
284 500 495 367 418
285 466 464 368 419
286 192 288 289 191
287 186 419 368 185
288 188 291 421 187
289 292 133 134 803
290 294 293 378 422
291 293 129 130 395
292 325 312   8   7
293 127 295 296 126
294 381 750 331 329
295 296 295 423 425
296 324 807   5   4
297  26 330 329   6
298 324   4 313 426
299 359 440 485 492
300 304 303 412 427
301 305 304 427 429
302 412 359 492 520
303 544 539 372 433
304 517 510 431 428
305 428 431 307 306
306 217 308 309 216
307 310 309 433 372
308 373 434 372 539
309 213 311 434 212
310 313   4   3 336
311 314  16  15 334
312  23  22 316 804
313  22  30 341 316
314  10  27 339 317
315 318  28  13 321
316 326   1  24 327
317 244 392 382 245
318 813 320 806 435
319 257 256 402 438
320 261 260 449 439
321 301 300 446 440
322 297 296 425 441
323 414 385 282 281
324 482 415 348 474
325  29  17 805 332
326  26   5 807 330
327 313 374 799 426
328 357 446 300 299
329 504 441 425 501
330 314 364 800 403
331 350 449 260 259
332 505 508 438 402
333 230 342 451 237
334 315 343 452 335
335 284 283 462 453
336 345 454 232 274
337 312 347 455 337
338 459 246 245 382
339 361 457 319 326
340 454 458 275 232
341 377 456 534 524
342 460 318 321 354
343 237 451 461 229
344 349 453 533 527
345 342 230 236 371
346 371 236 235 407
347 255 254 399 400
348 343 315 322 401
349 385 462 283 282
350 274 273 379 345
351 295 294 422 423
352 347 312 325 424
353 279 278 442 348
354 285 284 453 349
355 259 233 388 350
356 448 746 805 323
357 353 240 239 386
358 436 321 320 813
359 355 242 241 437
360 356 249 248 377
361 377 248 247 456
362 299 234 389 357
363 445 745 807 324
364 277 276 387 360
365 478 472 360 387
366 327 444 810 326
367 408 409 268 267
368 538 407 235 363
369 364 314 334 808
370 288 287 418 367
371 570 569 507 506
372 466 542 547 464
373 529 506 399 370
374 253 369 540 370
375 431 432 308 307
376 539 430 272 373
377 313 336 809 374
378 338 380 809 336
379 252 251 397 375
380 251 250 376 397
381 528 502 422 378
382 293 395 541 378
383 338 319 457 380
384 548 536 530 549
385 389 447 493 469
386 392 244 243 393
387 318 460 383 340
388 511 535 451 342
389 494 470 388 450
390 231 275 458 413
391 486 484 577 838
392 394 814 317 339
393 467 471 583 828
394 481 845 582 589
395 456 459 521 534
396 396 131 132 398
397 537 465 398 292
398 506 507 400 399
399 691 695 633 639
400 258 257 438 450
401 550 571 630 620
402 513 371 407 545
403 371 513 511 342
404 404 390 519 531
405 409 408 509 497
406 410 409 497 543
407 269 268 409 410
408 576 586 485 483
409 530 536 454 345
410 416 812 316 341
411 468 472 584 474
412 831 590 482 474
413 453 462 518 533
414 287 286 417 418
415 515 500 418 417
416 419 421 420 466
417 290 420 421 291
418 366 367 495 542
419 502 503 423 422
420 567 566 632 647
421 298 297 441 447
422 512 625 549 530
423 512 379 430 546
424 412 520 532 427
425 431 510 498 432
426 433 432 498 544
427 309 308 432 433
428 467 473 355 437
429 437 353 471 467
430 354 321 436 702
431 844 473 467 828
432 476 575 587 827
433 567 504 501 503
434 472 468 442 360
435 474 348 442 468
436 642 693 697 636
437 483 485 440 446
438 807 745 358 330
439 469 475 357 389
440 475 483 446 357
441 493 504 593 825
442 486 439 449 484
443 805 746 351 332
444 470 476 350 388
445 476 484 449 350
446 826 568 648 594
447 344 335 452 797
448 639 633 569 570
449 530 345 379 512
450 365 337 455 796
451 638 632 566 832
452 478 833 581 472
453 523 536 548 607
454 382 392 487 489
455 459 382 489 521
456 846 580 471 477
457 535 608 610 522
458 385 414 488 490
459 462 385 490 518
460 375 397 496 611
461 547 542 495 562
462 551 611 496 615
463 420 366 542 466
464 640 692 698 637
465 358 699 714 381
466 351 700 715 384
467 583 471 580 824
468 472 581 644 584
469 699 704 820 635
470 700 705 819 634
471 391 461 522 479
472 824 580 656 710
473 413 458 523 480
474 644 581 655 816
475 451 535 522 461
476 479 522 610 573
477 458 454 536 523
478 609 480 523 607
479 637 698 707 661
480 585 491 486 838
481 653 576 635 820
482 819 577 827 634
483 490 488 578 603
484 606 601 521 489
485 603 602 518 490
486 531 525 406 404
487 526 429 427 532
488 447 441 504 493
489 825 595 469 493
490 450 438 508 494
491 596 494 594 665
492 545 407 538 543
493 546 430 539 544
494 356 377 524 514
495 629 563 627 777
496 417 349 527 515
497 834 622 628 562
498 503 501 425 423
499 597 502 528 678
500 502 597 832 503
501 593 504 567 647
502 402 400 507 505
503 508 505 568 826
504 569 568 505 507
505 826 594 494 508
506 405 406 525 516
507 516 557 564 509
508 428 429 526 517
509 517 558 565 510
510 620 630 682 649
511 842 621 631 686
512 618 616 837 681
513 627 524 534 552
514 553 556 527 533
515 554 658 616 557
516 659 558 555 829
517 491 585 604 519
518 599 531 519 604
519 836 835 605 830
520 532 520 600 829
521 849 851 606 489
522 654 638 832 597
523 657 639 570 598
524 378 541 613 528
525 552 650 623 627
526 540 612 529 370
527 559 626 622 834
528 586 835 492 485
529 558 659 617 840
530 533 518 602 553
531 534 521 601 552
532 537 375 611 465
533 463 465 611 551
534 545 543 497 560
535 546 544 498 561
536 560 497 509 564
537 561 498 510 565
538 562 495 500 834
539 679 628 622 687
540 563 629 499 514
541 615 614 613 551
542 612 540 464 547
543 712 673 607 548
544 550 535 511 571
545 649 674 608 620
546 555 558 517 526
547 571 511 513 624
548 525 554 557 516
549 739 847 689 747
550 717 691 639 657
551 736 624 618 681
552 554 525 531 599
553 526 532 829 555
554 618 624 560 564
555 619 625 561 565
556 500 515 559 834
557 615 496 499 629
558 557 616 618 564
559 840 619 565 558
560 690 694 632 638
561 566 567 503 832
562 662 595 664 718
563 663 596 665 719
564 506 529 598 570
565 638 654 716 690
566 513 545 560 624
567 625 512 546 561
568 709 811 816 655
569 581 833 572 655
570 702 824 710 354
571 477 479 573 846
572 588 576 483 475
573 494 596 839 470
574 827 587 646 634
575 732 605 670 725
576 675 604 669 733
577 488 482 590 578
578 671 603 578 660
579 579 849 850 589
580 606 851 672 729
581 824 702 641 583
582 701 643 644 816
583 592 828 583 641
584 637 589 582 640
585 636 590 831 642
586 640 592 641 692
587 584 644 643 591
588 591 643 642 831
589 652 585 838 577
590 600 830 676 822
591 646 587 575 663
592 588 645 635 576
593 645 588 574 662
594 589 637 661 579
595 487 481 589 850
596 636 660 578 590
597 582 845 592 640
598 664 593 647 703
599 633 648 568 569
600 665 594 648 706
601 574 469 595 662
602 575 839 596 663
603 678 528 613 614
604 776 739 798 735
605 677 529 612 628
606 734 677 628 679
607 738 681 837 684
608 599 823 658 554
609 617 685 680 840
610 659 829 600 822
611 711 848 651 668
612 848 711 696 626
613 585 652 669 604
614 653 670 586 576
615 670 605 835 586
616 672 579 661 727
617 708 689 852 601
618 712 548 549 621
619 655 572 667 709
620 666 656 573 610
621 609 607 673 731
622 572 480 609 667
623 608 674 666 610
624 612 547 562 628
625 629 777 614 615
626 626 559 556 848
627 680 685 737 686
628 736 681 738 779
629 843 680 686 631
630 682 630 736 779
631 550 620 608 535
632 778 743 795 775
633 651 553 602 668
634 626 696 687 622
635 571 624 736 630
636 631 621 549 625
637 742 740 694 690
638 744 741 695 691
639 746 705 700 351
640 745 704 699 358
641 763 771 841 660
642 707 764 727 661
643 756 742 690 716
644 755 744 691 717
645 698 692 436 813
646 702 436 692 641
647 697 693 444 443
648 444 693 701 810
649 643 701 693 642
650 656 580 846 573
651 714 645 662 718
652 715 646 663 719
653 731 673 712 760
654 730 674 713 759
655 716 798 783 756
656 668 602 603 671
657 784 795 743 752
658 762 705 746 448
659 761 704 745 445
660 597 678 735 654
661 777 688 776 614
662 765 361 811 709
663 766 354 710 723
664 734 598 529 677
665 778 775 734 679
666 599 604 675 823
667 720 684 658 823
668 830 600 520 836
669 685 617 721 754
670 593 664 595 825
671 645 714 699 635
672 646 715 700 634
673 694 703 647 632
674 718 664 703 750
675 695 706 648 633
676 719 665 706 751
677 723 710 656 666
678 819 726 652 577
679 726 733 669 652
680 653 820 725 670
681 763 660 636 697
682 671 724 728 668
683 772 727 764 793
684 708 601 606 729
685 729 672 727 772
686 731 722 667 609
687 713 674 649 682
688 730 723 666 674
689 753 738 684 720
690 823 675 768 720
691 737 685 754 821
692 822 676 767 721
693 627 623 688 777
694 721 617 659 822
695 821 782 780 737
696 616 658 684 837
697 753 781 779 738
698 780 749 683 842
699 621 842 683 712
700 743 687 696 752
701 689 847 650 852
702 847 739 776 688
703 703 694 740 750
704 706 695 741 751
705 435 707 698 813
706 811 810 701 816
707 704 761 725 820
708 705 762 726 819
709 443 812 763 697
710 435 814 764 707
711 796 455 756 783
712 709 667 722 765
713 755 784 797 452
714 731 760 769 722
715 770 730 759 791
716 742 756 455 347
717 734 775 657 598
718 744 755 452 343
719 381 714 718 750
720 384 715 719 751
721 789 781 753 817
722 605 732 676 830
723 782 821 790 802
724 730 770 766 723
725 841 794 728 724
726 724 671 660 841
727 725 761 773 732
728 726 762 774 733
729 711 758 752 696
730 711 668 728 758
731 757 747 689 708
732 759 713 748 786
733 749 760 712 683
734 765 722 769 815
735 754 721 767 818
736 767 676 732 773
737 720 768 817 753
738 768 675 733 774
739 776 735 678 614
740 843 631 625 619
741 737 780 842 686
742 789 801 786 781
743 747 783 798 739
744 347 424 740 742
745 750 740 424 331
746 343 401 741 744
747 751 741 401 333
748 757 708 729 772
749 785 365 796 783
750 786 748 779 781
751 682 779 748 713
752 782 787 749 780
753 788 344 797 784
754 818 790 821 754
755 775 795 717 657
756 785 783 747 757
757 788 784 752 758
758 460 770 791 383
759 815 792 380 457
760 771 763 812 416
761 793 764 814 394
762 457 361 765 815
763 460 354 766 770
764 799 374 790 818
765 800 364 789 817
766 787 769 760 749
767 794 416 344 788
768 841 771 416 794
769 793 394 365 785
770 773 761 426 799
771 774 762 403 800
772 798 716 654 735
773 778 679 687 743
774 383 791 801 808
775 793 785 757 772
776 786 801 791 759
777 802 792 787 782
778 794 788 758 728
779 789 364 808 801
780 802 790 374 809
781 769 787 792 815
782 755 717 795 784
783 767 773 799 818
784 768 774 800 817
785 804 316 812 443
786 806 317 814 435
787 361 326 810 811
788 827 577 484 476
789 844 828 592 845
790 833 478 480 572
791 492 835 836 520
792 839 575 476 470
793 843 619 840 680
794 845 481 473 844
795 847 688 623 650
796 848 556 553 651
797 849 489 487 850
798 579 672 851 849
799 650 552 601 852