  1   1   2  29  28
  2   2   3  30  29
  3   3   4  31  30
  4   4   5  32  31
  5   5   6  33  32
  6   6   7  34  33
  7   7   8  35  34
  8   8   9  36  35
  9   9  10  37  36
 10  10  11  38  37
 11  11  12  39  38
 12  12  13  40  39
 13  13  14  41  40
 14  14  15  42  41
 15  15  16  43  42
 16  16  17  44  43
 17  17  18  45  44
 18  18  19  46  45
 19  19  20  47  46
 20  20  21  48  47
 21  21  22  49  48
 22  22  23  50  49
 23  23  24  51  50
 24  24  25  52  51
 25  25  26  53  52
 26  26  27  54  53
 27  28  29  56  55
 28  29  30  57  56
 29  30  31  58  57
 30  31  32  59  58
 31  32  33  60  59
 32  33  34  61  60
 33  34  35  62  61
 34  35  36  63  62
 35  36  37  64  63
 36  37  38  65  64
 37  38  39  66  65
 38  39  40  67  66
 39  40  41  68  67
 40  41  42  69  68
 41  42  43  70  69
 42  43  44  71  70
 43  44  45  72  71
 44  45  46  73  72
 45  46  47  74  73
 46  47  48  75  74
 47  48  49  76  75
 48  49  50  77  76
 49  50  51  78  77
 50  51  52  79  78
 51  52  53  80  79
 52  53  54  81  80
 53  55  56  83  82
 54  56  57  84  83
 55  57  58  85  84
 56  58  59  86  85
 57  59  60  87  86
 58  60  61  88  87
 59  61  62  89  88
 60  62  63  90  89
 61  63  64  91  90
 62  64  65  92  91
 63  65  66  93  92
 64  66  67  94  93
 65  67  68  95  94
 66  68  69  96  95
 67  69  70  97  96
 68  70  71  98  97
 69  71  72  99  98
 70  72  73 100  99
 71  73  74 101 100
 72  74  75 102 101
 73  75  76 103 102
 74  76  77 104 103
 75  77  78 105 104
 76  78  79 106 105
 77  79  80 107 106
 78  80  81 108 107
 79  82  83 110 109
 80  83  84 111 110
 81  84  85 112 111
 82  85  86 113 112
 83  86  87 114 113
 84  87  88 115 114
 85  88  89 116 115
 86  89  90 117 116
 87  90  91 118 117
 88  91  92 119 118
 89  92  93 120 119
 90  93  94 121 120
 91  94  95 122 121
 92  95  96 123 122
 93  96  97 124 123
 94  97  98 125 124
 95  98  99 126 125
 96  99 100 127 126
 97 100 101 128 127
 98 101 102 129 128
 99 102 103 130 129
100 103 104 131 130
101 104 105 132 131
102 105 106 133 132
103 106 107 134 133
104 107 108 135 134
105 109 110 137 136
106 110 111 138 137
107 111 112 139 138
108 112 113 140 139
109 113 114 141 140
110 114 115 142 141
111 115 116 143 142
112 116 117 144 143
113 117 118 145 144
114 118 119 146 145
115 119 120 147 146
116 120 121 148 147
117 121 122 149 148
118 122 123 150 149
119 123 124 151 150
120 124 125 152 151
121 125 126 153 152
122 126 127 154 153
123 127 128 155 154
124 128 129 156 155
125 129 130 157 156
126 130 131 158 157
127 131 132 159 158
128 132 133 160 159
129 133 134 161 160
130 134 135 162 161
131 136 137 164 163
132 137 138 165 164
133 138 139 166 165
134 139 140 167 166
135 140 141 168 167
136 141 142 169 168
137 142 143 170 169
138 143 144 171 170
139 144 145 172 171
140 145 146 173 172
141 146 147 174 173
142 147 148 175 174
143 148 149 176 175
144 149 150 177 176
145 150 151 178 177
146 151 152 179 178
147 152 153 180 179
148 153 154 181 180
149 154 155 182 181
150 155 156 183 182
151 156 157 184 183
152 157 158 185 184
153 158 159 186 185
154 159 160 187 186
155 160 161 188 187
156 161 162 189 188
157 163 164 191 190
158 164 165 192 191
159 165 166 193 192
160 166 167 194 193
161 167 168 195 194
162 168 169 196 195
163 169 170 197 196
164 170 171 198 197
165 171 172 199 198
166 172 173 200 199
167 173 174 201 200
168 174 175 202 201
169 175 176 203 202
170 176 177 204 203
171 177 178 205 204
172 178 179 206 205
173 179 180 207 206
174 180 181 208 207
175 181 182 209 208
176 182 183 210 209
177 183 184 211 210
178 184 185 212 211
179 185 186 213 212
180 186 187 214 213
181 187 188 215 214
182 188 189 216 215
183 190 191 218 217
184 191 192 219 218
185 192 193 220 219
186 193 194 221 220
187 194 195 222 221
188 195 196 223 222
189 196 197 224 223
190 197 198 225 224
191 198 199 226 225
192 199 200 227 226
193 200 201 228 227
194 201 202 229 228
195 202 203 230 229
196 203 204 231 230
197 204 205 232 231
198 205 206 233 232
199 206 207 234 233
200 207 208 235 234
201 208 209 236 235
202 209 210 237 236
203 210 211 238 237
204 211 212 239 238
205 212 213 240 239
206 213 214 241 240
207 214 215 242 241
208 215 216 243 242
209 217 218 245 244
210 218 219 246 245
211 219 220 247 246
212 220 221 248 247
213 221 222 249 248
214 222 223 250 249
215 223 224 251 250
216 224 225 252 251
217 225 226 253 252
218 226 227 254 253
219 227 228 255 254
220 228 229 256 255
221 229 230 257 256
222 230 231 258 257
223 231 232 259 258
224 232 233 260 259
225 233 234 261 260
226 234 235 262 261
227 235 236 263 262
228 236 237 264 263
229 237 238 265 264
230 238 239 266 265
231 239 240 267 266
232 240 241 268 267
233 241 242 269 268
234 242 243 270 269
235 244 245 272 271
236 245 246 273 272
237 246 247 274 273
238 247 248 275 274
239 248 249 276 275
240 249 250 277 276
241 250 251 278 277
242 251 252 279 278
243 252 253 280 279
244 253 254 281 280
245 254 255 282 281
246 255 256 283 282
247 256 257 284 283
248 257 258 285 284
249 258 259 286 285
250 259 260 287 286
251 260 261 288 287
252 261 262 289 288
253 262 263 290 289
254 263 264 291 290
255 264 265 292 291
256 265 266 293 292
257 266 267 294 293
258 267 268 295 294
259 268 269 296 295
260 269 270 297 296
261 271 272 299 298
262 272 273 300 299
263 273 274 301 300
264 274 275 302 301
265 275 276 303 302
266 276 277 304 303
267 277 278 305 304
268 278 279 306 305
269 279 280 307 306
270 280 281 308 307
271 281 282 309 308
272 282 283 310 309
273 283 284 311 310
274 284 285 312 311
275 285 286 313 312
276 286 287 314 313
277 287 288 315 314
278 288 289 316 315
279 289 290 317 316
280 290 291 318 317
281 291 292 319 318
282 292 293 320 319
283 293 294 321 320
284 294 295 322 321
285 295 296 323 322
286 296 297 324 323
287 298 299 326 325
288 299 300 327 326
289 300 301 328 327
290 301 302 329 328
291 302 303 330 329
292 303 304 331 330
293 304 305 332 331
294 305 306 333 332
295 306 307 334 333
296 307 308 335 334
297 308 309 336 335
298 309 310 337 336
299 310 311 338 337
300 311 312 339 338
301 312 313 340 339
302 313 314 341 340
303 314 315 342 341
304 315 316 343 342
305 316 317 344 343
306 317 318 345 344
307 318 319 346 345
308 319 320 347 346
309 320 321 348 347
310 321 322 349 348
311 322 323 350 349
312 323 324 351 350
313 325 326 353 352
314 326 327 354 353
315 327 328 355 354
316 328 329 356 355
317 329 330 357 356
318 330 331 358 357
319 331 332 359 358
320 332 333 360 359
321 333 334 361 360
322 334 335 362 361
323 335 336 363 362
324 336 337 364 363
325 337 338 365 364
326 338 339 366 365
327 339 340 367 366
328 340 341 368 367
329 341 342 369 368
330 342 343 370 369
331 343 344 371 370
332 344 345 372 371
333 345 346 373 372
334 346 347 374 373
335 347 348 375 374
336 348 349 376 375
337 349 350 377 376
338 350 351 378 377
339 352 353 380 379
340 353 354 381 380
341 354 355 382 381
342 355 356 383 382
343 356 357 384 383
344 357 358 385 384
345 358 359 386 385
346 359 360 387 386
347 360 361 388 387
348 361 362 389 388
349 362 363 390 389
350 363 364 391 390
351 364 365 392 391
352 365 366 393 392
353 366 367 394 393
354 367 368 395 394
355 368 369 396 395
356 369 370 397 396
357 370 371 398 397
358 371 372 399 398
359 372 373 400 399
360 373 374 401 400
361 374 375 402 401
362 375 376 403 402
363 376 377 404 403
364 377 378 405 404
365 379 380 407 406
366 380 381 408 407
367 381 382 409 408
368 382 383 410 409
369 383 384 411 410
370 384 385 412 411
371 385 386 413 412
372 386 387 414 413
373 387 388 415 414
374 388 389 416 415
375 389 390 417 416
376 390 391 418 417
377 391 392 419 418
378 392 393 420 419
379 393 394 421 420
380 394 395 422 421
381 395 396 423 422
382 396 397 424 423
383 397 398 425 424
384 398 399 426 425
385 399 400 427 426
386 400 401 428 427
387 401 402 429 428
388 402 403 430 429
389 403 404 431 430
390 404 405 432 431
391 406 407 434 433
392 407 408 435 434
393 408 409 436 435
394 409 410 437 436
395 410 411 438 437
396 411 412 439 438
397 412 413 440 439
398 413 414 441 440
399 414 415 442 441
400 415 416 443 442
401 416 417 444 443
402 417 418 445 444
403 418 419 446 445
404 419 420 447 446
405 420 421 448 447
406 421 422 449 448
407 422 423 450 449
408 423 424 451 450
409 424 425 452 451
410 425 426 453 452
411 426 427 454 453
412 427 428 455 454
413 428 429 456 455
414 429 430 457 456
415 430 431 458 457
416 431 432 459 458
417 433 434 461 460
418 434 435 462 461
419 435 436 463 462
420 436 437 464 463
421 437 438 465 464
422 438 439 466 465
423 439 440 467 466
424 440 441 468 467
425 441 442 469 468
426 442 443 470 469
427 443 444 471 470
428 444 445 472 471
429 445 446 473 472
430 446 447 474 473
431 447 448 475 474
432 448 449 476 475
433 449 450 477 476
434 450 451 478 477
435 451 452 479 478
436 452 453 480 479
437 453 454 481 480
438 454 455 482 481
439 455 456 483 482
440 456 457 484 483
441 457 458 485 484
442 458 459 486 485
443 460 461 488 487
444 461 462 489 488
445 462 463 490 489
446 463 464 491 490
447 464 465 492 491
448 465 466 493 492
449 466 467 494 493
450 467 468 495 494
451 468 469 496 495
452 469 470 497 496
453 470 471 498 497
454 471 472 499 498
455 472 473 500 499
456 473 474 501 500
457 474 475 502 501
458 475 476 503 502
459 476 477 504 503
460 477 478 505 504
461 478 479 506 505
462 479 480 507 506
463 480 481 508 507
464 481 482 509 508
465 482 483 510 509
466 483 484 511 510
467 484 485 512 511
468 485 486 513 512
469 487 488 515 514
470 488 489 516 515
471 489 490 517 516
472 490 491 518 517
473 491 492 519 518
474 492 493 520 519
475 493 494 521 520
476 494 495 522 521
477 495 496 523 522
478 496 497 524 523
479 497 498 525 524
480 498 499 526 525
481 499 500 527 526
482 500 501 528 527
483 501 502 529 528
484 502 503 530 529
485 503 504 531 530
486 504 505 532 531
487 505 506 533 532
488 506 507 534 533
489 507 508 535 534
490 508 509 536 535
491 509 510 537 536
492 510 511 538 537
493 511 512 539 538
494 512 513 540 539
495 514 515 542 541
496 515 516 543 542
497 516 517 544 543
498 517 518 545 544
499 518 519 546 545
500 519 520 547 546
501 520 521 548 547
502 521 522 549 548
503 522 523 550 549
504 523 524 551 550
505 524 525 552 551
506 525 526 553 552
507 526 527 554 553
508 527 528 555 554
509 528 529 556 555
510 529 530 557 556
511 530 531 558 557
512 531 532 559 558
513 532 533 560 559
514 533 534 561 560
515 534 535 562 561
516 535 536 563 562
517 536 537 564 563
518 537 538 565 564
519 538 539 566 565
520 539 540 567 566
521 541 542 569 568
522 542 543 570 569
523 543 544 571 570
524 544 545 572 571
525 545 546 573 572
526 546 547 574 573
527 547 548 575 574
528 548 549 576 575
529 549 550 577 576
530 550 551 578 577
531 551 552 579 578
532 552 553 580 579
533 553 554 581 580
534 554 555 582 581
535 555 556 583 582
536 556 557 584 583
537 557 558 585 584
538 558 559 586 585
539 559 560 587 586
540 560 561 588 587
541 561 562 589 588
542 562 563 590 589
543 563 564 591 590
544 564 565 592 591
545 565 566 593 592
546 566 567 594 593
547 568 569 596 595
548 569 570 597 596
549 570 571 598 597
550 571 572 599 598
551 572 573 600 599
552 573 574 601 600
553 574 575 602 601
554 575 576 603 602
555 576 577 604 603
556 577 578 605 604
557 578 579 606 605
558 579 580 607 606
559 580 581 608 607
560 581 582 609 608
561 582 583 610 609
562 583 584 611 610
563 584 585 612 611
564 585 586 613 612
565 586 587 614 613
566 587 588 615 614
567 588 589 616 615
568 589 590 617 616
569 590 591 618 617
570 591 592 619 618
571 592 593 620 619
572 593 594 621 620
573 595 596 623 622
574 596 597 624 623
575 597 598 625 624
576 598 599 626 625
577 599 600 627 626
578 600 601 628 627
579 601 602 629 628
580 602 603 630 629
581 603 604 631 630
582 604 605 632 631
583 605 606 633 632
584 606 607 634 633
585 607 608 635 634
586 608 609 636 635
587 609 610 637 636
588 610 611 638 637
589 611 612 639 638
590 612 613 640 639
591 613 614 641 640
592 614 615 642 641
593 615 616 643 642
594 616 617 644 643
595 617 618 645 644
596 618 619 646 645
597 619 620 647 646
598 620 621 648 647
599 622 623 650 649
600 623 624 651 650
601 624 625 652 651
602 625 626 653 652
603 626 627 654 653
604 627 628 655 654
605 628 629 656 655
606 629 630 657 656
607 630 631 658 657
608 631 632 659 658
609 632 633 660 659
610 633 634 661 660
611 634 635 662 661
612 635 636 663 662
613 636 637 664 663
614 637 638 665 664
615 638 639 666 665
616 639 640 667 666
617 640 641 668 667
618 641 642 669 668
619 642 643 670 669
620 643 644 671 670
621 644 645 672 671
622 645 646 673 672
623 646 647 674 673
624 647 648 675 674
625 649 650 677 676
626 650 651 678 677
627 651 652 679 678
628 652 653 680 679
629 653 654 681 680
630 654 655 682 681
631 655 656 683 682
632 656 657 684 683
633 657 658 685 684
634 658 659 686 685
635 659 660 687 686
636 660 661 688 687
637 661 662 689 688
638 662 663 690 689
639 663 664 691 690
640 664 665 692 691
641 665 666 693 692
642 666 667 694 693
643 667 668 695 694
644 668 669 696 695
645 669 670 697 696
646 670 671 698 697
647 671 672 699 698
648 672 673 700 699
649 673 674 701 700
650 674 675 702 701
651 676 677 704 703
652 677 678 705 704
653 678 679 706 705
654 679 680 707 706
655 680 681 708 707
656 681 682 709 708
657 682 683 710 709
658 683 684 711 710
659 684 685 712 711
660 685 686 713 712
661 686 687 714 713
662 687 688 715 714
663 688 689 716 715
664 689 690 717 716
665 690 691 718 717
666 691 692 719 718
667 692 693 720 719
668 693 694 721 720
669 694 695 722 721
670 695 696 723 722
671 696 697 724 723
672 697 698 725 724
673 698 699 726 725
674 699 700 727 726
675 700 701 728 727
676 701 702 729 728