  1  31  45   1  25
  2  24   1  45  46
  3  32  47   4   5
  4  47  69  71  73
  5  33  49   7   8
  6  97  94  93 116
  7  34  41  10  11
  8 111  76 102  68
  9  35  42  14  15
 10 104  82 113  50
 11  29  18  43  63
 12  51  62  42 105
 13  36  43  18  19
 14  98 106  95  97
 15  64  48  78  74
 16  21  30  38  37
 17 110 108  61  44
 18  25   2  39  31
 19  28  14  42  62
 20  65  32  53 102
 21 100  38  30  22
 22  47  73   3   4
 23   5  26  53  32
 24  26   6  40  53
 25   8   9  54  33
 26  70  54   9  27
 27  11  12  55  34
 28  12  13  56  55
 29  15  16  57  35
 30  16  17  58  57
 31  19  20  59  36
 32  20  21  37  59
 33  44  61 100  60
 34  38 100  61  37
 35  22  23  60 100
 36  59 108  88  36
 37 102  53  40  68
 38  49  40   6   7
 39  50  70  41 104
 40  27  10  41  70
 41  55  92  84  34
 42  52  91  95 107
 43  48  64  31  39
 44 101  66  46  45
 45  45  31  64 101
 46 101  64  74 109
 47  23  24  46  60
 48  32  65  69  47
 49  72  54  70  50
 50  49  67  68  40
 51  98  35  57 106
 52  52  43  36  88
 53  62  56  13  28
 54  84  92 114  89
 55  63  58  17  29
 56 107  63  43  52
 57  60  46  66  44
 58  99  86 110  79
 59 107  95  58  63
 60  48  71  75  78
 61  75  77 115  83
 62  44  66  79 110
 63 103  33  54  72
 64  76 111 118  80
 65  67  49  33 103
 66  75  71  69  77
 67  71  48  39  73
 68 103  72 112  67
 69  73  39   2   3
 70  87  81  83 117
 71  99  79 109  85
 72  77  69  65 102
 73 113  82  80 118
 74  83 115  76 117
 75 111  68  67 112
 76 109  79  66 101
 77  93  89 114  51
 78  78  75  83  81
 79 117  76  80  90
 80  82 104  84  89
 81  90  80  82  89
 82  92  55  56 114
 83  96  87  94  97
 84 119  85 109  74
 85  88  86  91  52
 86 108 110  86  88
 87  87  96 119  81
 88  51 105 116  93
 89  93  94  90  89
 90  87 117  90  94
 91  62  51 114  56
 92  96  91  86  99
 93  97  95  91  96
 94 119  96  99  85
 95  98  97 116 105
 96 104  41  34  84
 97 105  42  35  98
 98 106  57  58  95
 99 108  59  37  61
100 112  72  50 113
101 112 113 118 111
102 119  74  78  81
103 115  77 102  76
104  267  171  172  238
105  262  176  177  261
106  963  266  467  729
107  214  330  331  213
108  239   21   20  240
109  290   19   18  357
110  316  228  229  315
111  243    3    2  353
112  353    2   25  241
113  340  341  140  141
114  277  161  162  276
115    7  244  246    8
116  322  222  223  321
117  358  457  810  469
118  357   18   29  250
119  251   17   16  237
120  193  293  294  192
121  252  236   13   12
122  252   12  253  470
123   11  254  253   12
124  966  355  245  970
125  258    5    4  242
126  257  151  152  286
127  344  345  136  137
128   24   23  259  961
129  247  259   23   22
130  184  150  185  301
131  301  185  186  300
132  299  298  408  409
133  297  296  406  407
134  407  406  534  535
135  430  180  181  429
136  425  179  180  430
137  618  529  528  617
138  435  565  563  436
139  261  177  178  260
140  176  262  263  175
141  175  263  264  174
142   14   28  356  266
143  575  439  438  569
144  170  268  269  169
145  269  268  431  440
146  169  269  270  168
147  270  432  433  271
148  166  272  273  165
149  355   27    9  245
150  445  255  274  428
151  163  255  276  162
152    8  246  245    9
153  278  160  161  277
154  277  276  451  446
155  159  279  280  158
156  158  280  281  157
157  282  156  157  281
158  283  155  156  282
159  341  419  412  342
160  146  257  424  145
161  204  149  205  339
162  339  205  206  338
163  338  337  364  456
164  389  505  510  365
165  202  394  395  201
166  396  200  201  395
167  331  330  367  366
168  330  329  386  367
169  196  249  291  195
170  195  291  292  194
171  615  693  759  694
172   17  251  250   29
173  192  294  295  191
174  296  190  191  295
175  297  189  190  296
176  298  188  189  297
177  187  299  300  186
178  148  128  959  127
179  350  351  130  131
180  303  125  126  302
181  304  124  125  303
182  305  123  124  304
183  123  305  306  122
184  459  464  242  243
185  122  306  307  121
186  514  513  376  359
187  120  308  309  235
188  311  233  234  310
189  360  368  311  310
190  312  232  233  311
191    3  243  242    4
192  313  231  232  312
193  315  229  230  314
194  317  227  228  316
195  318  317  369  380
196  318  226  227  317
197  485  961  259  461
198  320  319  370  381
199  321  223  224  320
200  222  322  323  221
201   30   21  358  325
202  363  371  248  324
203  219  248  326  218
204  328  216  217  327
205  329  215  216  328
206  679  596  680  751
207  215  329  330  214
208  684  595  608  688
209  213  331  332  212
210  334  210  211  333
211  335  209  210  334
212  336  208  209  335
213  207  337  338  206
214  146  147  151  257
215  538  144  145  424
216  454  455  285  284
217  448  447  283  282
218  420  412  541  540
219  452  450  279  278
220  141  142  410  340
221  139  140  341  342
222  342  343  138  139
223   26  256  354    6
224  307  306  362  373
225  411  347  346  417
226  413  348  347  411
227  350  349  422  414
228  131  132  349  350
229  128  129  352  959
230  256   26    5  258
231  236  356   28   13
232  399  400  249  289
233  358   21  239  457
234  237   16   15  962
235   15   14  266  962
236  238  172  173  265
237  265  173  174  264
238  327  217  218  326
239  240   20   19  290
240  199  287  288  198
241  241   25    1  960
242   24  961  960    1
243  310  234  235  309
244  377  374  314  313
245  314  230  231  313
246  244    7    6  354
247  736  735  655  661
248  279  159  160  278
249   22   30  325  247
250  248  219  220  324
251  324  220  221  323
252  249  196  197  289
253  289  197  198  288
254  194  292  293  193
255  260  425  550  426
256  168  270  271  167
257  254   11   10  275
258  167  271  272  166
259  275   10   27  355
260  255  163  164  274
261  274  164  165  273
262  343  344  137  138
263  153  285  286  152
264  284  154  155  283
265  309  308  359  376
266  121  307  308  120
267  319  225  226  318
268  322  321  375  382
269  320  224  225  319
270  260  178  179  425
271  401  402  292  291
272  426  434  261  260
273  660  659  569  562
274  262  261  434  435
275  263  262  435  436
276  427  438  238  265
277  267  238  438  439
278  171  267  268  170
279  472  252  470  647
280  555  649  556  971
281  556  649  471  656
282  272  271  433  441
283  254  476  471  253
284  272  441  442  273
285  975  641  567  977
286  276  255  445  451
287  449  448  282  281
288  446  452  278  277
289  541  627  705  629
290  450  453  280  279
291  142  143  416  410
292  538  416  143  144
293  284  283  447  454
294  154  284  285  153
295  287  199  200  396
296  333  211  212  332
297  496  498  597  992
298  289  288  398  399
299  400  401  291  249
300  402  401  529  530
301  402  403  293  292
302  403  404  294  293
303  296  295  405  406
304  430  429  552  578
305  298  297  407  408
306  188  298  299  187
307  182  443  429  181
308  409  521  300  299
309  184  301  444  183
310  302  126  127  959
311  132  133  348  349
312  133  134  347  348
313  345  346  135  136
314  418  345  344  421
315  420  343  342  412
316  513  512  360  376
317  376  360  310  309
318  361  368  509  504
319  368  361  312  311
320  361  377  313  312
321  316  315  378  379
322  605  686  689  604
323  374  378  315  314
324  380  370  319  318
325  381  375  321  320
326  685  599  598  979
327  991  610  683  592
328  489  488  375  381
329  326  248  371  384
330  486  487  383  382
331  371  363  502  506
332  367  386  499  508
333  287  396  525  397
334  333  332  387  388
335  366  387  332  331
336  335  334  389  365
337  510  511  390  365
338  336  335  365  390
339  208  336  337  207
340  203  522  394  202
341  204  339  522  203
342  537  340  410  549
343  345  418  417  346
344  421  344  343  420
345  515  514  359  373
346  413  411  546  545
347  134  135  346  347
348  304  392  391  305
349  391  362  306  305
350  393  392  304  303
351  352  423  302  959
352  393  303  302  423
353  129  130  351  352
354  475  241  964  689
355  482  477  256  258
356  472  474  236  252
357  399  398  526  527
358  498  496  372  385
359  464  482  258  242
360  308  307  373  359
361  588  674  675  589
362  513  514  584  582
363  324  323  383  363
364  337  336  390  364
365  520  523  456  364
366  579  524  523  520
367  290  478  481  240
368  329  328  372  386
369  499  496  992  586
370  493  504  588  589
371  317  316  379  369
372  491  490  370  380
373  385  384  501  498
374  328  327  385  372
375  239  465  853  457
376  466  459  243  353
377  488  486  382  375
378  417  418  543  544
379  504  493  377  361
380  495  494  379  378
381  475  466  353  241
382  495  605  982  494
383  492  491  380  369
384  601  600  489  490
385  600  598  488  489
386  382  383  323  322
387  469  473  325  358
388  327  326  384  385
389  501  592  596  498
390  389  388  500  505
391  334  333  388  389
392  503  500  388  387
393  545  547  422  413
394  350  414  415  351
395  394  522  456  523
396  523  524  395  394
397  398  288  287  397
398  400  399  527  528
399  503  609  608  500
400  969  479  250  251
401  401  400  528  529
402  527  526  615  616
403  969  251  237  462
404  295  294  404  405
405  965  479  980  953
406  405  404  532  533
407  406  405  533  534
408  434  571  565  435
409  443  182  183  444
410  521  551  443  444
411  416  538  632  539
412  419  341  340  537
413  477  480  354  256
414  518  517  391  392
415  348  413  422  349
416  393  612  518  392
417  559  558  454  447
418  286  519  424  257
419  418  421  542  543
420  540  542  421  420
421  549  410  416  539
422  706  539  632  715
423  713  712  631  633
424  541  412  419  627
425  630  629  707  708
426  637  543  542  636
427  516  515  373  362
428  423  352  351  415
429  455  519  286  285
430  458  462  237  962
431  265  264  437  427
432  274  273  442  428
433  623  534  533  622
434  535  536  408  407
435  268  267  439  431
436  557  647  555  432
437  440  432  270  269
438  253  471  649  470
439  404  403  531  532
440  562  564  652  660
441  264  263  436  437
442  653  652  564  563
443  439  575  570  431
444  560  973  646  557
445  275  468  476  254
446  553  975  977  976
447  444  301  300  521
448  722  782  827  778
449  281  280  453  449
450  629  630  540  541
451  450  452  574  577
452  577  574  640  662
453  830  970  463  831
454  725  780  784  987
455  445  567  572  451
456  446  451  568  566
457  354  480  483  244
458  539  706  634  549
459  715  558  771  706
460  338  456  522  339
461  511  520  364  390
462  465  239  240  481
463  266  356  968  467
464  246  463  970  245
465  241  960  460  964
466  259  247  967  461
467  247  325  473  967
468  246  244  483  463
469  566  574  452  446
470  512  509  368  360
471  496  499  386  372
472  493  497  374  377
473  236  474  968  356
474  562  569  438  427
475  468  275  355  966
476  487  502  363  383
477  649  555  647  470
478  440  560  557  432
479  598  599  486  488
480  431  570  560  440
481  968  474  644  719
482  602  491  603  687
483  494  492  369  379
484  974  553  976  554
485  975  651  720  641
486  478  290  357  965
487  250  479  965  357
488  403  402  530  531
489  507  503  387  366
490  513  582  585  512
491  577  576  453  450
492  643  654  565  571
493  619  530  529  618
494  490  489  381  370
495  485  460  960  961
496  611  988  502  487
497  485  461  600  601
498  601  602  460  485
499  602  601  490  491
500  460  602  687  964
501  981  492  494  982
502  495  378  374  497
503  589  606  497  493
504  676  586  992  984
505  507  508  587  607
506  614  397  525  613
507  371  506  501  384
508  502  610  991  506
509  599  611  487  486
510  752  751  680  683
511  594  673  674  588
512  593  692  613  579
513  508  507  366  367
514  587  508  499  586
515  512  585  594  509
516  396  395  524  525
517  524  579  613  525
518  671  583  581  669
519  636  542  540  630
520  391  517  516  362
521  411  417  544  546
522  580  518  612  548
523  631  635  545  546
524  612  393  423  415
525  547  548  414  422
526  519  632  538  424
527  625  551  521  409
528  579  520  511  593
529  614  526  398  397
530  607  587  677  682
531  617  616  695  696
532  617  528  527  616
533  621  620  699  700
534  652  653  726  730
535  620  531  530  619
536  621  532  531  620
537  767  825  702  701
538  551  552  429  443
539  551  625  650  552
540  409  408  536  625
541  455  454  558  715
542  627  419  537  638
543  867  778  827  868
544  638  537  549  634
545  561  559  447  448
546  668  584  583  671
547  517  590  581  516
548  741  669  721  709
549  714  711  637  636
550  584  668  667  582
551  548  547  639  580
552  415  414  548  612
553  771  710  634  706
554  425  430  578  550
555  535  624  626  536
556  623  622  701  702
557  442  441  554  976
558  974  554  971  556
559  476  651  656  471
560  433  432  555  971
561  971  554  441  433
562  646  472  647  557
563  448  449  573  561
564  646  644  474  472
565  449  453  576  573
566  661  655  559  561
567  427  437  564  562
568  564  437  436  563
569  571  434  426  628
570  628  426  550  666
571  619  618  697  698
572  642  657  722  718
573  572  645  987  658
574  567  445  428  977
575  568  451  572  658
576  973  648  644  646
577  648  973  575  986
578  734  704  793  737
579  622  533  532  621
580  567  641  645  572
581  576  577  662  664
582  642  640  574  566
583  719  644  648  978
584  573  576  664  663
585  593  511  510  591
586  591  510  505  595
587  580  590  517  518
588  516  581  583  515
589  711  714  779  776
590  584  514  515  583
591  585  582  670  672
592  639  721  590  580
593  743  745  673  672
594  748  803  805  750
595  744  747  675  674
596  594  588  504  509
597  606  678  686  605
598  639  635  709  721
599  595  505  500  608
600  984  749  746  676
601  592  501  506  991
602  688  607  682  756
603  526  614  693  615
604  749  984  679  751
605  984  992  597  679
606  597  498  596  679
607  967  685  979  461
608  611  599  685  690
609  600  461  979  598
610  492  981  603  491
611  603  981  604  687
612  982  605  604  981
613  687  604  689  964
614  606  605  495  497
615  589  675  678  606
616  607  609  503  507
617  676  677  587  586
618  593  591  681  692
619  676  746  748  677
620  592  683  680  596
621  690  691  988  611
622  754  692  681  755
623  813  856  814  811
624  618  617  696  697
625  699  698 1007  764
626  620  619  698  699
627  697  763 1007  698
628  622  621  700  701
629  623  624  535  534
630  552  650  665  578
631  536  626  650  625
632  650  626  734  665
633  666  550  578  665
634  708  707  772  774
635  546  544  633  631
636  544  543  637  633
637  519  455  715  632
638  776  777  713  711
639  558  559  655  771
640  547  545  635  639
641  636  630  708  714
642  778  781  718  722
643  717  720  468  966
644  717  645  641  720
645  566  568  657  642
646  727  654  724  783
647  571  628  703  643
648  570  575  973  560
649  780  725  717  966
650  978  659  729  467
651  553  656  651  975
652  720  651  476  468
653  785  787  726  727
654  788  963  729  731
655  653  563  565  654
656  785  727  783  836
657  724  654  643  768
658  561  573  663  661
659  974  556  656  553
660  657  568  658  728
661  645  717  725  987
662  730  731  660  652
663  710  735  773  716
664  718  723  640  642
665  664  662  733  732
666  662  640  723  733
667  834  838  791  786
668  702  704  624  623
669  779  774 1005 1008
670  741  740  671  669
671  738  668  671  740
672  669  581  590  721
673  709  635  631  712
674  672  670  742  743
675  585  672  673  594
676  744  801  802  747
677  806  753  747  802
678  803  849  850  805
679  746  804  803  748
680  747  753  678  675
681  749  807  804  746
682  681  591  595  684
683  688  608  609  607
684  988  691  610  502
685  758  469  810  752
686  690  685  967  473
687  956  475  689  686
688  750  682  677  748
689  770  473  469  758
690  690  473  770  691
691  758  752  683  610
692  758  610  691  770
693  693  614  613  692
694  811  754  755  813
695  694  695  616  615
696 1002  912  878  855
697  696  695  761  762
698  697  696  762  763
699  817  859  818  762
700  763  762  818  819
701  700  699  764  765
702  997  903  877  865
703  703  628  666  737
704  665  734  737  666
705  626  624  704  734
706  627  638  716  705
707  629  705  769  707
708  826 1005 1001  866
709  833  832  776  779
710  711  713  633  637
711  638  634  710  716
712  663  995  736  661
713  741  775  798  740
714  835  844  798  775
715  738  797  795  739
716  714  708  774  779
717  869  993  898  899
718  467  968  719  978
719  728  782  722  657
720  768  643  703  794
721  989  782  728  784
722  790  788  731  730
723  727  726  653  654
724  728  658  987  784
725  659  660  731  729
726  787  790  730  726
727  663  664  732  995
728  723  718  781  786
729  769  789  841  824
730  735  710  771  655
731  786  791  733  723
732  825  793  704  702
733  738  739  667  668
734  845  799  796  843
735  742  667  739  796
736  775  741  709  712
737  745  800  801  744
738  745  744  674  673
739  847  802  801  848
740  743  799  800  745
741  884  885  908  907
742  466  753  806  459
743  811  814  759  754
744  851  804  807  852
745  756  809  812  757
746  756  682  750  809
747  751  808  807  749
748  956  753  466  475
749  686  678  753  956
750  693  692  754  759
751  755  681  684  757
752  757  684  688  756
753  760  761  695  694
754  996  912 1002  910
755  817  762  761  816
756  900  875  871  917
757  819  764 1007  763
758  765  764  820  863
759  823  766  821  865
760 1006  766  823  767
761  865  877  891  823
762  705  716  789  769
763  825  767  823  891
764  707  769  824  772
765 1008  870  901  873
766  792  732  998  840
767  902  873  925  904
768  712  713  777  775
769  797  738  740  798
770  780  830  989  784
771  985  827  782  831
772  831  782  989  830
773  871  837  836  893
774  822  724  768  842
775  970  830  780  966
776  785  836  837  839
777  876  840  838  872
778  839  790  787  785
779  458  963  788  815
780  789  716  773  829
781  788  790  839  815
782  732  733  791  998
783  828  781  778  867
784  829  773  792  840
785  792  736  995  732
786  773  735  736  792
787  737  793  794  703
788  796  739  795  843
789  742  796  799  743
790  843  795  844  896
791  775  777 1009  835
792  881  847  848  882
793  800  846  848  801
794  847  958  806  802
795  884  849  851  885
796  804  851  849  803
797  854  805  850  887
798  809  750  805  854
799  808  751  752  810
800  849  884  883  850
801  810  457  853  808
802  757  812  813  755
803  809  854  855  812
804  812  855  856  813
805  814  856  857  760
806  814  760  694  759
807  462  458  815  972
808  761  760  857  816
809  886  907  909  910
810  890  861  889  914
811  819  818  861  862
812  764  819  862  820
813  863  820  862  892
814  842  891  877  822
815  765  863  821  766
816  783  724  822  864
817  865  821  863  997
818  841  789  829  860
819  793  825  891  794
820  772  824  866 1001
821  944  925  934  954
822  828  867  993  869
823  828  834  786  781
824  791  838  840  998
825  918  897  868  983
826  844  795  797  798
827  906  927  942  905
828  824  841 1000  866
829  864  893  836  783
830  837  871  875  972
831  972  815  839  837
832  860  829  840  876
833  902  904  879  896
834  874  833  873  902
835  845  879  880  846
836  799  845  846  800
837  950  958  847  881
838  459  806  958  464
839  846  880  882  848
840  909  928  929  955
841  850  883  886  887
842  852  807  808  853
843  852  911  885  851
844  853  465  911  852
845  912  816  857  878
846  857  856  855  878
847  859  817  858  888
848  858  817  816  912
849  996  955  913  888
850  861  818  859  889
851  872  838  869  899
852 1000  841  860  921
853  890  892  862  861
854  929  932  913  955
855  895  920 1004  939
856  892  895  997  863
857  867  868  897  993
858  901  870  919  934
859  985  983  868  827
860  463  483  918  983
861  897  918  926  922
862  917  871  893  939
863  875  916  462  972
864  899  924  876  872
865  834  828  869  838
866 1008  873  833  779
867  844  835 1010  896
868  832  833  874 1009
869  924  921  860  876
870  864  822  877  903
871  842  768  794  891
872  881  882  905  950
873  879  845  843  896
874  950  905  942  482
875  464  958  950  482
876  994  930  927  906
877  946  990  947  940
878  908  948  941  928
879  887 1002  855  854
880  889  859  888  913
881 1004  920  935  999
882  940  929  928  941
883 1010  835 1009  874
884  915  890  914  933
885  870  826  894  919
886  903  997  895  939
887  890  915 1003  892
888  925  873  901  934
889  957  949  952  937
890  924  899  923  938
891  900  917  999  936
892  931  916  875  900
893  906  905  882  880
894  902  896 1010  874
895  893  864  903  939
896  904  930  994  879
897  883  884  907  886
898  951  936  945  990
899  885  911  948  908
900  888  858  912  996
901  887  886  910 1002
902  911  465  481  948
903  914  889  913  932
904  932  929  940  947
905  933  914  932  947
906  920 1003  915  935
907  916  484  969  462
908  926  918  483  480
909  921  924  894 1000
910  943  898  922  926
911  895  892 1003  920
912  935  915  933  945
913  922  898  993  897
914  927  952  949  942
915  934  919  938  954
916  923  899  898  943
917  919  894  924  938
918  925  944  930  904
919  926  480  957  943
920  907  908  928  909
921  947  990  945  933
922  994  906  880  879
923  980  484  951  990
924  484  916  931  951
925 1004  999  917  939
926  931  900  936  951
927  935  945  936  999
928  937  923  943  957
929  938  923  937  954
930  946  940  941  478
931  990  946  953  980
932  481  478  941  948
933  477  482  942  949
934  477  949  957  480
935  927  930  944  952
936  965  953  946  478
937  952  944  954  937
938  910  909  955  996
939  962  266  963  458
940  969  484  980  479
941  428  442  976  977
942  831  463  983  985
943  986  575  569  659
944  648  986  659  978
945 1000  894  826  866
946  670  582  667  742
947  774  772 1001 1005
948 1005  826  870 1008
949 1006  767  701  700
950  700  765  766 1006
951 1009  777  776  832