  1   1  71  55  24
  2  54  34  23  63
  3  25   2  36  45
  4  22  35  44  21
  5  56   4   5  83
  6   6  37  47  27
  7  37   6   7  66
  8   9  57  48  28
  9  10  38  57   9
 10  38  10  29  49
 11  58  12  13  73
 12  50  30  14  39
 13  39  14  15  68
 14  78  59  67  58
 15  17  40  60  16
 16  17  32  52  40
 17  52  32  18  41
 18  42  19  20  43
 19 106 124 123 115
 20  19  42  41  18
 21  35  22  34  54
 22 116 113 138  94
 23  57  38  87 134
 24 133 107 100  87
 25  93  86  84  48
 26 130  80  51  60
 27  60  40  76 130
 28 140  89 128  61
 29  63  23  24  55
 30  36   2   3  65
 31  90  98  75  81
 32  65   3  26  46
 33  46  26   4  56
 34  66   7   8  84
 35  49  29  11  67
 36  67  11  12  58
 37  68  15  31  51
 38  51  31  16  60
 39  20  33  53  43
 40  97 140 127 126
 41  53  33  21  44
 42 126  62  88  97
 43  63  55  75 104
 44  25  45  71   1
 45  65  46  77  64
 46  83  47  85  82
 47  86  72  66  84
 48  95 143  86  93
 49 132  78  58  73
 50  30  50  73  13
 51  74 131  39  68
 52 129  76  40  52
 53  98  70 104  75
 54 127  69  43  53
 55  83   5  27  47
 56 133  87  38  49
 57  81  75  55  71
 58 107 133  59  91
 59  76 129  99  92
 60  61 128  41  42
 61  69  61  42  43
 62  70  62  35  54
 63 104  70  54  63
 64  94 135  82  96
 65  84   8  28  48
 66  44  35  62 126
 67 125  81  71  45
 68 139  37  66  72
 69 118 119 121 109
 70 131  79  50  39
 71 142  79 131 112
 72  80  74  68  51
 73  92 141 130  76
 74 113 116 101 137
 75  36  65  64 136
 76  82 135  56  83
 77  49  67  59 133
 78 142 102 132  79
 79  73  50  79 132
 80 141 112 131  74
 81 109  98  90 118
 82  96 144 143 108
 83 139  85  47  37
 84 134  93  48  57
 85 110 111 117 114
 86 103 134  87 100
 87 122 121 119 120
 88  88  62  70  98
 89 135  94 138  77
 90 140  61  69 127
 91  81 125 101  90
 92 147  78 132 102
 93  99  89 145 106
 94  82  85 139  96
 95 100 110 114 103
 96  97  88 105 145
 97 128  89  99 129
 98 107 111 110 100
 99 142 112 148 102
100 103  95  93 134
101  88  98 109 105
102 112 141  92 115
103  92  99 106 115
104  59  78 147  91
105 107  91 147 111
106  94  96 108 116
107 103 114 146  95
108 101 116 118  90
109 148 111 147 102
110 149 117 111 148
111 141  74  80 130
112  77 138 113  64
113 146 120 143  95
114 115 149 148 112
115 150 122 120 146
116 118 116 108 119
117 122 123 124 121
118 119 108 143 120
119 150 146 114 117
120 109 121 124 105
121 123 151 149 115
122 105 124 106 145
123  45  36 136 125
124  53  44 126 127
125  52  41 128 129
126 139  72 144  96
127 135  77  46  56
128 137 136  64 113
129 137 101 125 136
130  89 140  97 145
131  72  86 143 144
132 122 150 151 123
133 151 150 117 149
 134  268  174  175  299
 135  390   31   15  270
 136  300   14   30  389
 137  218  361  362  217
 138  358  221  222  357
 139  272   20   19  281
 140  273  231  232  347
 141  274  236  237  342
 142  348    2   25  384
 143  371  372  260  261
 144  308  166  167  307
 145    7  276  278    8
 146  353  226  227  352
 147  529  536  418  417
 148  391   18   32  282
 149  283   17   16  269
 150  197  324  325  196
 151  173  301  302  172
 152   12  285  284   13
 153   11  286  285   12
 154    9  277  287   10
 155   27  288  386    6
 156  289  155  156  318
 157  486  376  375  489
 158    5  290  288   27
 159  664  625  668  528
 160  291  467   24   23
 161  188  154  189  332
 162  332  189  190  331
 163  330  329  476  477
 164  328  327  474  475
 165  574  475  474  573
 166  496  184  185  495
 167  493  183  184  496
 168  438  459  283  269
 169  182  292  293  181
 170  294  180  181  293
 171  295  179  180  294
 172  715  721  609  611
 173  296  178  179  295
 174  177  297  298  176
 175  389   30   13  284
 176  174  268  301  173
 177  499  498  592  593
 178  172  302  303  171
 179  593  592  648 1042
 180  499  500  303  302
 181  305  169  170  304
 182   10  287  388   29
 183  463  453  286  388
 184  307  167  168  306
 185  309  165  166  308
 186    8  278  387   28
 187  310  164  165  309
 188  517  516  314  313
 189  163  311  312  162
 190  162  312  313  161
 191  314  160  161  313
 192  315  159  160  314
 193  372  487  480  373
 194  266  289  492  265
 195  208  267  209  370
 196  370  209  210  369
 197  369  368  400  524
 198  562  563  430  429
 199  366  365  402  401
 200  205  430  431  204
 201  432  203  204  431
 202  202  319  320  201
 203  432  431  564  565
 204  201  320  321  200
 205  320  434  468  321
 206  199  322  323  198
 207  196  325  326  195
 208  327  194  195  326
 209  328  193  194  327
 210  329  192  193  328
 211  191  330  331  190
 212  152  248 1027  247
 213  247 1027  333  246
 214  381  382  250  251
 215  334  245  246  333
 216  335  244  245  334
 217  336  243  244  335
 218  243  336  337  242
 219  436  462  290  343
 220  242  337  338  241
 221  339  240  241  338
 222  239  340  341  238
 223    3  275  385   26
 224  236  274  344  235
 225  396  403  344  274
 226  234  345  346  233
 227  384   25    1 1028
 228  231  273  349  230
 229  350  229  230  349
 230  352  351  404  416
 231  228  351  352  227
 232  393   34   22  280
 233  225  279  355  224
 234  398  405  356  355
 235  223  356  357  222
 236  392   33   20  272
 237  220  271  360  219
 238  219  360  361  218
 239  360  271  421  406
 240  392  272  437  443
 241  364  215  216  363
 242  365  214  215  364
 243  366  213  214  365
 244  367  212  213  366
 245  211  368  369  210
 246  266  153  155  289
 247  578  264  265  492
 248  522  523  317  316
 249  488  480  583  580
 250  781  800  849  798
 251  514  520  310  309
 252  261  262  478  371
 253  259  260  372  373
 254  576  371  478  589
 255  373  374  258  259
 256  375  376  256  257
 257  484  486  582  584
 258  481  479  585  586
 259  481  379  378  479
 260  381  380  490  482
 261  251  252  380  381
 262  248  249  383 1027
 263  273  347  415  409
 264    4  343  290    5
 265 1031  792  650  466
 266   21  359  280   22
 267  354  291   23   34
 268  299  175  176  298
 269  269   16   31  390
 270  270   15   14  300
 271  297  177  178  296
 272  271  220  221  358
 273  281   19   18  391
 274  432  565  433  319
 275  347  232  233  346
 276  342  237  238  341
 277  275    3    2  348
 278  345  234  235  344
 279  276    7    6  386
 280  277    9   28  387
 281  516  515  315  314
 282  311  163  164  310
 283  279  225  226  353
 284  359   21   33  392
 285  282   32   17  283
 286  200  321  322  199
 287  198  323  324  197
 288  570  471  470  569
 289  494  503  293  292
 290  286   11   29  388
 291  171  303  304  170
 292  510  513  307  306
 293  306  168  169  305
 294  374  375  257  258
 295  157  317  318  156
 296  316  158  159  315
 297  343    4   26  385
 298  462  455  288  290
 299 1028    1   24  467
 300  399  410  350  349
 301  292  182  183  493
 302  468  469  322  321
 303  292  493  577  494
 304  503  494  614  611
 305  296  295  497  505
 306  444  438  269  390
 307  466  300  389 1031
 308  506  505  606  607
 309  505  506  297  296
 310 1031  389  284  454
 311  498  499  302  301
 312  453  439  285  286
 313  446  463  388  287
 314  594  597  509  500
 315  442  451  277  387
 316  446  287  277  451
 317  519  514  309  308
 318  435  442  387  278
 319  276  386  458  461
 320  518  521  312  311
 321  262  263  485  478
 322  578  485  263  264
 323  316  315  515  522
 324  158  316  317  157
 325  319  202  203  432
 326  217  362  363  216
 327  548  546  423  422
 328  541  681  665  542
 329  569  470  469  568
 330  470  323  322  469
 331  459  456  282  283
 332  470  471  324  323
 333  326  473  474  327
 334  495  591  617  496
 335  329  328  475  476
 336  192  329  330  191
 337  186  511  495  185
 338  477  560  331  330
 339  188  332  512  187
 340  252  253  379  380
 341  253  254  378  379
 342  376  377  255  256
 343  489  375  374  488
 344  240  339  340  239
 345  342  341  394  412
 346  339  338  408  395
 347  341  340  411  394
 348  441  436  343  385
 349  412  396  274  342
 350  805  739  737  804
 351  630  660  857 1037
 352  345  344  403  413
 353  346  345  413  414
 354  409  399  349  273
 355  464  448  348  384
 356 1039 1032  291  354
 357  229  350  351  228
 358  627 1038  624 1039
 359 1034  445 1029  621
 360  416  417  353  352
 361  224  355  356  223
 362  661 1036  623  744
 363  620  872  450  443
 364  357  356  405  419
 365  437  618  619  443
 366  358  357  419  420
 367  534  533  419  405
 368  549  548  422  407
 369  535  545  406  421
 370  422  423  363  362
 371  368  367  425  400
 372  541  542  425  401
 373  367  366  401  425
 374  212  367  368  211
 375  207  561  429  206
 376  208  370  561  207
 377  709  582  581  707
 378  455  458  386  288
 379  376  486  484  377
 380  373  480  488  374
 381  395  554  551  411
 382  408  338  337  397
 383  254  255  377  378
 384  335  427  426  336
 385  426  397  337  336
 386  428  427  335  334
 387  383  491  333 1027
 388  428  334  333  491
 389  249  250  382  383
 390 1033  668  625  467
 391  553  412  394  552
 392  439  454  284  285
 393  447  449  270  300
 394  391  282  456  457
 395  281  391  457  460
 396  354   34  393  465
 397  450  359  392  443
 398  340  339  395  411
 399  654  653  737  739
 400  441  632 1040  436
 401  448  452  275  348
 402  678  677  551  554
 403  355  279  418  398
 404  559  562  524  400
 405  206  429  430  205
 406  365  364  424  402
 407  362  361  407  422
 408  407  406  545  549
 409  538  530  409  415
 410  410  404  351  350
 411  527  526  416  404
 412  406  407  361  360
 413  479  378  377  484
 414  662  538  539  672
 415  440  464  384 1028
 416  399  663  525  410
 417  396  547  531  403
 418  672  539  540  673
 419  539  538  415  414
 420  347  346  414  415
 421  465  393  445 1030
 422  669  624 1038 1045
 423  279  353  417  418
 424 1029  280  359  450
 425  420  421  271  358
 426  533  537  420  419
 427  364  363  423  424
 428  543  541  401  402
 429  424  423  546  544
 430  586  587  490  481
 431  381  482  483  382
 432  429  561  524  562
 433  652  563  562  559
 434  563  652  687  564
 435  433  434  320  319
 436  682  683  754  757
 437  278  276  461  435
 438  520  518  311  310
 439  537  535  421  420
 440  272  281  460  437
 441  385  275  452  441
 442  626  629  452  448
 443  600  599  513  510
 444  390  270  449  444
 445  497  504  609  610
 446  445  393  280 1029
 447  501  510  306  305
 448  506  507  298  297
 449  738  658  676  749
 450  532  534  405  398
 451  599  603  519  513
 452  513  519  308  307
 453  403  531  540  413
 454  500  509  304  303
 455  502  498  301  268
 456  567  468  434  566
 457  759  566  689  760
 458  580  581  489  488
 459  722  728 1067 1066
 460  472  325  324  471
 461  689  433  565  688
 462 1040  632  894  861
 463  479  484  584  585
 464  597  602  501  509
 465  649  730 1048  720
 466  663  630  664  525
 467  409  530  663  399
 468  526  529  417  416
 469 1039  354  465  627
 470  601  595  502  508
 471  447  300  466  651
 472  528  410  525  664
 473 1028  467  625  440
 474  568  469  468  567
 475  568  567  691  692
 476  572  473  472  571
 477  326  325  472  473
 478  571  472  471  570
 479  569  568  692  693
 480  573  474  473  572
 481  511  186  187  512
 482  560  590  511  512
 483  485  578  703  579
 484  555  397  426  556
 485  487  372  371  576
 486  379  481  490  380
 487  427  557  556  426
 488  428  686  557  427
 489  704  705  580  583
 490  598  596  522  515
 491  318  558  492  289
 492  486  489  581  582
 493  589  478  485  579
 494  772  579  703  775
 495  583  480  487  699
 496  633  462  631  862
 497  741  752  812  807
 498  397  555  550  408
 499  491  383  382  483
 500  523  558  318  317
 501  611  614  767  715
 502  574  573  697  698
 503  574  575  476  475
 504  505  497  610  606
 505  295  294  504  497
 506 1042  648  454  439
 507  645  646  735 1047
 508  509  501  305  304
 509  268  299  508  502
 510  595  592  498  502
 511  294  293  503  504
 512  611  609  504  503
 513  651  717  718  789
 514  650  717  651  466
 515  606  722  726  607
 516  299  298  507  508
 517  593  594  500  499
 518  846  794  890  642
 519  512  332  331  560
 520  599  729  719  603
 521  520  514  605  613
 522  313  312  521  517
 523  634  635  458  455
 524  518  520  613  616
 525  616  615  521  518
 526  716  723  783  782
 527  514  519  603  605
 528  615  616  714  732
 529  579  772  711  589
 530  775  596  835  772
 531  369  524  561  370
 532  542  559  400  425
 533  528  527  404  410
 534  527  528  668  669
 535  664  630  440  625
 536  660  630  663  530
 537  674  744  746  671
 538  626  448  628  856
 539  547  396  412  553
 540  536  532  398  418
 541  620  443  619  892
 542  753  748 1054  666
 543  670  671  753  666
 544  658  545  535  676
 545 1036  659 1045 1038
 546  808  738  749  816
 547  539  414  413  540
 548  857  747  628 1037
 549  654  680  531  547
 550 1053  745  750 1046
 551  402  424  544  543
 552  665  681  756  802
 553  685  546  548  684
 554  545  658  657  549
 555  684  548  549  657
 556  411  551  552  394
 557  629  632  441  452
 558  437  460 1044  618
 559  543  682  681  541
 560  676  535  537  666
 561  408  550  554  395
 562  777  708  709  776
 563  551  677  675  552
 564  707  581  580  705
 565  585  706  710  586
 566  710  706  780  778
 567  686  428  491  483
 568  587  588  482  490
 569  558  703  578  492
 570  652  559  542  665
 571  701  590  560  477
 572  563  564  431  430
 573  687  802  758  688
 574  622 1044  460  457
 575  566  434  433  689
 576  622  457  636  863
 577  690  691  567  566
 578  456  638  636  457
 579  639  638  456  459
 580  692  691  762  763
 581  764  763  827  828
 582  572  571  695  696
 583  590  591  495  511
 584  590  701  724  591
 585  476  575  701  477
 586  493  496  617  577
 587  523  522  596  775
 588  633  634  455  462
 589  699  487  576  713
 590  742  679  655  740
 591  713  576  589  711
 592  604  598  515  516
 593  556  667  655  555
 594  791  712  710  778
 595  656  557  686  588
 596  483  482  588  686
 597  835  781  711  772
 598  698  702  575  574
 599 1095 1078 1022 1011
 600  595  717  650  792
 601 1047  593 1042  645
 602  720  735  646  649
 603  717  595  601  718
 604  644  730  649  446
 605  516  517  612  604
 606  799  800  727  731
 607  640  642  442  435
 608  602  600  510  501
 609  642  890  451  442
 610  508  507  608  601
 611  718  601  608  725
 612  735  720  597  594
 613  640  435  637  870
 614  517  521  615  612
 615  731  727  598  604
 616  716  613  605  723
 617  643  641  444  449
 618  647  643  449  447
 619  789  790  871  647
 620  507  506  607  608
 621 1043  641  869  907
 622  494  577  700  614
 623  571  570  694  695
 624  635 1041  461  458
 625  714  716  782  787
 626  770  771  698  697
 627  573  572  696  697
 628  773  705  704  831
 629  743  684  657  736
 630  738  808  806  736
 631  533  670  666  537
 632  536 1050  674  532
 633  759  824  690  566
 634  661  529  659 1036
 635 1035  627  465 1030
 636 1033 1032 1039  624
 637  628  448  464 1037
 638 1035 1030  623 1036
 639 1037  464  440  630
 640  662  660  530  538
 641  653  654  547  553
 642  741  675  677  752
 643  631  462  436 1040
 644  774  773  836  837
 645  570  569  693  694
 646  613  716  714  616
 647  637  435  461 1041
 648  639  459  438 1043
 649  694  693  764  765
 650  444  641 1043  438
 651  715  767  829  786
 652  784  783  723  719
 653  609  721  728  610
 654  838  784  846  909
 655  722  606  610  728
 656  600  602 1048 1049
 657  644  446  451  890
 658  453  645 1042  439
 659  646  645  453  463
 660  649  646  463  446
 661  647  447  651  789
 662  454  648  792 1031
 663  553  552  675  653
 664  653  675  741  737
 665  747 1051  856  628
 666  655  679  550  555
 667  556  557  656  667
 668  588  587  712  656
 669  658  738  736  657
 670  529  526 1045  659
 671  669 1045  526  527
 672  744  674 1050  661
 673  662 1046  857  660
 674  682  543  544  683
 675  688  565  564  687
 676  533  534  671  670
 677  624  669  668 1033
 678  671  534  532  674
 679  746  814  753  671
 680 1046  750  747  857
 681  680  673  540  531
 682  811 1073  739  805
 683  804  737  741  807
 684  678  554  550  679
 685  810  740  791  778
 686  712  791  667  656
 687  683  544  546  685
 688  758  802  756  823
 689  757  756  681  682
 690  755  685  684  743
 691  755  743  819  821
 692  736  806  809  743
 693  757  822  823  756
 694  824  888  761  690
 695  761  762  691  690
 696  762  761  826 1075
 697  693  692  763  764
 698  904  868  639 1043
 699  695  694  765  766
 700  696  695  766  768
 701  617  734  700  577
 702  702  724  701  575
 703  558  523  775  703
 704  583  699  769  704
 705  708  584  582  709
 706  705  773  774  707
 707  874  873  804  807
 708  585  584  708  706
 709  840  923  779  777
 710  776  709  707  774
 711  587  586  710  712
 712  596  598  727  835
 713  936  964  963  908
 714  715  786 1077  721
 715  767  614  700  803
 716  723  605  603  719
 717  725  608  607  726
 718  730  729 1049 1048
 719  602  597  720 1048
 720  790  793  848  871
 721  725  790  789  718
 722  790  725  726  793
 723 1066  793  726  722
 724  604  612  733  731
 725 1077  785  788 1067
 726 1049  729  599  600
 727  784  719  794  846
 728  730  644  795  729
 729  612  615  732  733
 730  851  797  850  927
 731  733  732  797  796
 732  782 1059  842  787
 733  732  714  787  797
 734  724  702  801  734
 735  734  617  591  724
 736 1047  735  594  593
 737 1003  930  931  980
 738  805  804  873  875
 739  875  960  894  864
 740  752  677  678  751
 741  749  676  666 1054
 742  931  891  858  893
 743  680  654  739 1062
 744  740  655  667  791
 745  780  706  779  845
 746  679  742  751  678
 747  754  683  685  755
 748 1034  746  744  623
 749  856  815 1025  626
 750  745 1053 1060 1062
 751  753  814  818  748
 752  672 1053 1046  662
 753  859  943  892  619
 754 1054  748  816  749
 755  673 1060 1053  672
 756  815  811  957 1025
 757  776  774  837  839
 758  814  746 1034  621
 759  760  689  688  758
 760  806  877  876  809
 761  802  687  652  665
 762  824  759  825  898
 763  754  820  822  757
 764  887  953  825  889
 765 1101 1094  973 1003
 766  935  980  931  893
 767  829  903 1088  786
 768  765  764  828  830
 769  734  801  803  700
 770  768  770  697  696
 771  699  713  798  769
 772  834  854  771  770
 773  702  698  771  801
 774  831  704  769  853
 775  633  862  899  866
 776  934  906  902 1064
 777  861  895  631 1040
 778  778  780  843  810
 779  708  777  779  706
 780  878  874  807 1093
 781  866  902  634  633
 782  776  839  840  777
 783  713  711  781  798
 784  796  799  731  733
 785  870  916  909  640
 786  908  865 1055  936
 787  783  784  838 1058
 788  794  719  729  795
 789  909  846  642  640
 790 1088  844  841  785
 791  788  785  841  847
 792  766  765  830  832
 793  869  848  847  919
 794 1077 1067  728  721
 795  792  648  592  595
 796  788  793 1066 1067
 797  890  794  795  644
 798  922  925  850  842
 799  870  637  908  963
 800  800  781  835  727
 801  833  834  770  768
 802  864  894  632  629
 803 1044  858  891  618
 804  751  817  812  752
 805  895  933  862  631
 806  880  809  876  942
 807  819  743  809  880
 808  810  813  742  740
 809 1025  864  629  626
 810 1073 1061 1062  739
 811  751  742  813  817
 812  450  872  621 1029
 813  748  818  860  816
 814 1061 1051  745 1062
 815  872  818  814  621
 816  620  860  818  872
 817  820  754  755  821
 818  884  886  820  821
 819  885  945  976  947
 820  758  823  889  760
 821  825  759  760  889
 822  886  887  822  820
 823  622  863  935  893
 824  826  761  888  897
 825  636  867  896  863
 826 1075  827  763  762
 827  867  900 1068  937
 828  767  803  855  829
 829  833  768  766  832
 830 1081  827 1075  826
 831  853  769  798  849
 832  830  911  912  832
 833  834  914  987  854
 834  833  913  914  834
 835  773  831  910  836
 836  991  967  964  936
 837  895  861  932 1056
 838  838  909  916 1058
 839  902  906  635  634
 840  881  813  810  843
 841  843  780  845  924
 842  841  920  919  847
 843  869  919  938  907
 844  635  906  865 1041
 845  787  842  850  797
 846  952 1081  901 1091
 847  917  962  965  839
 848  643  848  869  641
 849  793  788  847  848
 850  871  848  643  647
 851  851  852  796  797
 852 1084  925  967  969
 853  800  799  926  849
 854  831  853  928  910
 855  799  796  852  926
 856  854  803  801  771
 857  855  803  854  987
 858  815  856 1051 1061
 859  877  806  808  879
 860  859  619  618  891
 861  960  932  861  894
 862 1021 1008 1026 1069
 863  867  636  638  900
 864  864 1025  957  875
 865  916  870  963  918
 866 1041  865  908  637
 867  837  915  917  839
 868  638  639  868  900
 869  904 1043  907  938
 870  938  997 1007  904
 871 1093  807  812 1092
 872 1093 1092  882  878
 873  939 1065  932  960
 874  805  875  957  811
 875 1094  880  942  973
 876  879  808  816  860
 877  930  859  891  931
 878  923  840  921  966
 879  999 1057  974 1015
 880  892  879  860  620
 881  945 1094  975  976
 882  945  819  880 1094
 883  813  881  883  817
 884 1092  812  817  883
 885  882 1092  883  946
 886  944  882  946 1016
 887  884  947  948  953
 888  884  821  885  947
 889  885  821  819  945
 890  823  822  887  889
 891  888  824  898  951
 892  943  859  930  940
 893  622  893  858 1044
 894  982 1071 1070  896
 895  897  901 1081  826
 896  949  897  888  951
 897  953  887  886  884
 898 1103  827 1081  952
 899  937  982  896  867
 900  905  828  827 1103
 901 1052  899  862  933
 902  829  855  929  903
 903  832  912  913  833
 904  950  996  997  920
 905  844  950  920  841
 906  911  830  828  905
 907  902  866  985 1064
 908 1000 1021 1069  985
 909  918  963  964  922
 910  918 1059 1058  916
 911  928  853  849  926
 912  971  989  996  950
 913  913 1082  958  914
 914  914  958  961  987
 915  915  837  836  954
 916  954  836  910  970
 917  968 1086 1016  946
 918  918  922  842 1059
 919  903  950  844 1088
 920 1090  946  883  881
 921  921  840  839  965
 922  927 1084  969  959
 923 1090  881  843  924
 924  845  779  923  924
 925  928  959  970  910
 926  850  925 1084  927
 927  927  959  852  851
 928  926  852  959  928
 929  929  855  987  961
 930  877  943  940  876
 931  940  973  942  876
 932  939  873  874  941
 933  878  882  944 1080
 934  990 1008 1021 1076
 935  985  866  899 1000
 936 1008  979 1014 1026
 937 1001 1009  982  937
 938 1055  934 1072 1018
 939 1087  955  956 1082
 940  984  868  904 1007
 941  900  868  984 1068
 942  981  955 1103  952
 943  938  919  920  997
 944  874  878 1089  941
 945 1080  974  972 1079
 946 1004 1101 1019 1099
 947  943  877  879  892
 948 1000  983 1076 1021
 949  947  976  977  948
 950  924  923 1098 1090
 951  966  921  965  992
 952  953  948  898  825
 953  951  898  948  977
 954  971  929  961  989
 955 1104  955  981 1102
 956  978  901  897  949
 957 1087  905 1103  955
 958  811  815 1061 1073
 959  989  961  958  988
 960 1082  913  912 1087
 961  960  875  873  939
 962  962  917  915  979
 963  979  915  954  994
 964  922  964  967  925
 965  993  966  992 1074
 966  970  995  994  954
 967  968  946 1090 1098
 968 1098  923  966  993
 969  971  950  903  929
 970 1057 1056  972  974
 971 1065  972 1056  932
 972  940  930 1003  973
 973  990  992  965  962
 974  976  975 1004 1005
 975 1004  975 1094 1101
 976 1020 1006 1023 1099
 977  951  977 1010  949
 978  978  949 1010 1006
 979  978 1006 1091  901
 980 1020 1100 1091 1006
 981 1071  980  935 1070
 982 1007 1012 1022  984
 983 1070  935  863  896
 984  983 1000  899 1052
 985 1052  999 1063  983
 986 1012  986 1011 1022
 987  956  986 1012 1085
 988  989  988 1017  996
 989  956  988  958 1082
 990  962  979 1008  990
 991  936 1055 1018  991
 992 1083 1018 1072 1002
 993 1016 1086 1015  974
 994  968 1098  993 1086
 995  995  969  967  991
 996 1018 1083 1024  991
 997  995  970  959  969
 998  997  996 1017 1007
 999 1023 1005 1004 1099
1000 1071  998 1019  980
1001 1057  999 1052  933
1002 1022 1078 1068  984
1003 1011 1102 1096 1095
1004 1026 1014 1024 1083
1005  934 1064 1002 1072
1006 1010 1005 1023 1006
1007  977  976 1005 1010
1008 1085 1017  988  956
1009 1014  979  994 1024
1010  981  952 1091 1100
1011  982 1009  998 1071
1012  986 1104 1102 1011
1013  981 1097 1096 1102
1014 1012 1007 1017 1085
1015 1063 1013 1076  983
1016  992  990 1076 1013
1017 1024  994  995  991
1018 1074  992 1013 1063
1019 1016  974 1080  944
1020 1015 1074 1063  999
1021 1003  980 1019 1101
1022  998 1020 1099 1019
1023  998 1009 1100 1020
1024 1100 1009 1097  981
1025 1078 1001  937 1068
1026 1069 1026 1083 1002
1027  623 1030  445 1034
1028  467  291 1032 1033
1029 1035 1036 1038  627
1030 1050  536  529  661
1031 1051  747  750  745
1032 1055  865  906  934
1033  933  895 1056 1057
1034  782  783 1058 1059
1035 1060  673  680 1062
1036 1064  985 1069 1002
1037  939  941 1089 1065
1038 1074 1015 1086  993
1039  972 1065 1089 1079
1040 1080 1079 1089  878
1041 1088  785 1077  786
1042 1087  912  911  905
1043 1001 1078 1095 1096
1044 1096 1097 1009 1001
1045  956  955 1104  986