   1  237  227  170  183
   2  144    3  135  159
   3  200  135 1078  154
   4  102  186  187  103
   5  188  104  103  187
   6  253  254   64   63
   7  160  145  273 1083
   8  138  151    6    7
   9  213  274  163  143
  10    8 1079  143    7
  11  140  161 1086  214
  12  136  153   10   11
  13  390  284  454  555
  14  162 1080  267  284
  15  139  157   12   13
  16   48  370  518   49
  17  369   54   53  374
  18   83  166  167   84
  19  133  158   14   15
  20  178   88   87  169
  21  147  164   16    1
  22 1119  206  269  388
  23 1078  137  160  201
  24   17   74 1077   21
  25   74   73  515 1077
  26  499  600  441  440
  27  259  335  442  336
  28  257  333  334  258
  29 1090  387 1083  273
  30  253  329  330  254
  31  252  328  329  253
  32  145  151  209  273
  33    6  151  145    5
  34  273  209  283 1090
  35  357   30   29  367
  36  155  213  143 1079
  37  213  155  288 1089
  38  622  818  821  623
  39  271  286 1086  161
  40  140    9  146  161
  41  212  146  153  266
  42  287  212  266  390
  43  377   43   42  350
  44  208  141  157  261
  45  141  208 1080  162
  46  378   46   45  519
  47  142   13   14  158
  48   49  518  371   50
  49   50  371  372   51
  50  114  369  514  115
  51   55   19  113  196
  52  196  113  112  195
  53  195  194  220  395
  54  192  191  222  221
  55  221  243  193  192
  56  223  242  190  189
  57  323  426  430  324
  58  239  240  187  186
  59  249  250   60   59
  60  251  252   62   61
  61  160  137    5  145
  62  311  310  221  222
  63  255  256   66   65
  64  256  257   67   66
  65   69   68  258  259
  66   70   69  259  336
  67   71   70  336  337
  68  337  349   72   71
  69  351 1077  515  617
  70   20  132 1076   75
  71  429  322  165 1076
  72  174   77   76  165
  73  175   78   77  174
  74  176   79   78  175
  75  175  174  230  225
  76  177   81   80  217
  77  215   82   81  177
  78  397  460  462  400
  79  139   13  142  156
  80   84  167  216   85
  81  202  142  158  268
  82  168   86   85  216
  83  308  306  234  232
  84   16  164  148   15
  85  180   91   90  172
  86  207  147  150  282
  87  134  150  147    1
  88  472 1169  408  409
  89  182   96   95  173
  90   98  170  184   99
  91  203  134  152  264
  92  227  228  184  170
  93  185  184  228  244
  94  224  241  313  316
  95  105  171  189  106
  96  106  189  190  107
  97  191  108  107  190
  98  192  109  108  191
  99  193  110  109  192
 100  111  194  195  112
 101  114   18   54  369
 102  607  116  115  514
 103  374  586  514  369
 104  119  118  503  339
 105  538  638  370  375
 106  204  139  156  277
 107  123  122  341  342
 108  606  339  503  618
 109  215  177  291  318
 110  290  320  217  176
 111  230  174  165  322
 112  345  504  128  127
 113  132  131  429 1076
 114  134    1    2  152
 115    2    3  144  152
 116  135    3    4 1078
 117    4    5  137 1078
 118  141   11   12  157
 119  437  438  331  330
 120  633  624  529  523
 121 1156  758  926  875
 122  277  384  261  204
 123    8    9  140 1079
 124  146    9   10  153
 125  162  284  210  136
 126  136   11  141  162
 127  205  133  149  281
 128  312  309  233  218
 129  138    7  143  163
 130  272  283  209  211
 131  212  271  161  146
 132  231  246  181  180
 133   91  180  181   92
 134  133   15  148  149
 135  285  163  274 1088
 136   99  184  185  100
 137 1097  457 1117  391
 138  252  253   63   62
 139 1089  458 1101  394
 140  452  267 1080  384
 141  402  413  298  296
 142  169   87   86  168
 143  101  197  186  102
 144 1087  144  159  279
 145  436  437  330  329
 146  287 1097  271  212
 147  208  261  384 1080
 148 1089  394  274  213
 149  211  138  163  285
 150   92  181  199   93
 151  206  148  164  269
 152  165   76   75 1076
 153  166   83   82  215
 154  340  348  121  120
 155  169  168  218  233
 156  226  319  167  166
 157  233  232  178  169
 158  170   98   97  183
 159  183   97   96  182
 160  323  324  248  247
 161  171  105  104  188
 162  172   90   89  179
 163  179   89   88  178
 164  173   95   94  198
 165  198   94   93  199
 166  322  431  317  230
 167  342  346  124  123
 168  217   80   79  176
 169  177  217  320  291
 170  306  296  235  234
 171  232  234  179  178
 172  296  298  231  235
 173  295  407  404  300
 174  219  238  182  173
 175  197  185  244  229
 176  100  185  197  101
 177  240  239  302  301
 178  224  223  189  171
 179  419  307  310  420
 180   57  247  248   58
 181  426  323  395  220
 182  194  193  243  220
 183  110  193  194  111
 184   56  321  247   57
 185   55  196  321   56
 186  198  199  236  245
 187  159  135  200 1085
 188  275  201  160 1083
 189  254  255   65   64
 190  154 1078  201  275
 191  142  202 1081  156
 192  205  268  158  133
 193  159 1085  265  279
 194  134  203 1084  150
 195  152  144 1087  264
 196  157  139  204  261
 197  149 1082  263  281
 198  148  206 1082  149
 199  207  269  164  147
 200  150 1084  262  282
 201   47  375  370   48
 202  367  353  528  533
 203  153  136  210  266
 204  151  138  211  209
 205  214 1086  270 1100
 206   37  352  364   38
 207  140  214  155 1079
 208  225  290  176  175
 209  168  216  289  218
 210  173  198  245  219
 211  191  190  242  222
 212  250  251   61   60
 213  171  188  241  224
 214  229  239  186  197
 215  239  229  305  302
 216  343  345  127  126
 217  166  215  318  226
 218  590  588  671  675
 219  447  265 1085  379
 220  509  343  344  508
 221  180  172  235  231
 222  386  268  205  281
 223  401  471  467  402
 224  172  179  234  235
 225  269  207  282  388
 226  246  236  199  181
 227  238  237  183  182
 228  219  245  294  293
 229  652 1167  468  571
 230  385  448  279  265
 231  188  187  240  241
 232  430  426  307  419
 233  227  237  295  300
 234  468  465  404  407
 235  411  409  294  299
 236  395  323  247  321
 237  220  243  307  426
 238   59   58  248  249
 239  222  242  314  311
 240  310  307  243  221
 241  251  327  328  252
 242  398  415  466  461
 243  326  250  249  325
 244  491  490  484  677
 245  255  331  332  256
 246  493  494  436  435
 247  334  333  440  441
 248   68   67  257  258
 249  256  332  333  257
 250   23  516  363   24
 251  497  498  439  438
 252  200  154  379 1085
 253  260  277  156 1081
 254  228  227  300  304
 255  603  640  799  736
 256  576  656  567 1187
 257 1093  276 1081  202
 258  627  621  822  820
 259   41  355  350   42
 260   30  357  517   31
 261   28  353  367   29
 262  358   34   33  354
 263  254  330  331  255
 264  444  543 1091  275
 265  309  308  232  233
 266 1081  276 1092  260
 267  380  260 1092  544
 268  614  513  507  615
 269  292  295  237  238
 270 1084  278 1094  262
 271  304  303  244  228
 272  381 1087  279  448
 273  297  412  411  299
 274  263 1082  280  449
 275  293  292  238  219
 276  339  340  120  119
 277  285  392  272  211
 278  376   44   43  377
 279  266  210  284  390
 280  365   40   39  359
 281  286  393  270 1086
 282  368   35   34  358
 283  216  167  319  289
 284  317  428  225  230
 285  320  290  397  400
 286  508  344  346  512
 287  245  236  299  294
 288  647  383  546  695
 289  236  246  297  299
 290  294  409  408  293
 291  300  404  406  304
 292  409  411  475  472
 293  298  297  246  231
 294  306  401  402  296
 295  301  313  241  240
 296  303  305  229  244
 297  652 1154  565 1167
 298  305  417  416  302
 299  401  414  474  471
 300  403  309  312  459
 301  218  289  396  312
 302  242  223  315  314
 303  423  314  315  421
 304  327  251  250  326
 305  324  430  432  325
 306  289  319  427  396
 307  400  462  481  405
 308  316  315  223  224
 309  466  478  566  563
 310  415  301  302  416
 311  226  318  424  425
 312  428  397  290  225
 313  395  321  196  195
 314  322  429  338  431
 315  131  130  338  429
 316  325  249  248  324
 317  419  420  484  490
 318  421  315  316  399
 319  399  316  313  398
 320  436  329  328  435
 321  434  435  328  327
 322  438  439  332  331
 323  360   27   26  361
 324  361   26   25  362
 325   27  360  353   28
 326  258  334  335  259
 327   22  351  516   23
 328  130  129  347  338
 329  446 1095  380  679
 330  348  341  122  121
 331  318  291  405  424
 332  291  320  400  405
 333  344  343  126  125
 334  666  664  573 1172
 335  125  124  346  344
 336  507  348  340  506
 337  348  507  513  341
 338  504  347  129  128
 339   24  363  362   25
 340   73   72  349  515
 341  355   41   40  365
 342  351   22   21 1077
 343  352   37   36  356
 344  356   36   35  368
 345  387  444  275 1083
 346  354   33   32  366
 347  366   32   31  517
 348  525  524  359  364
 349  524  526  365  359
 350  624  626  530  529
 351  496  597  497  438
 352  392  455  690  556
 353  633  794  815  624
 354  529  530  358  354
 355  359   39   38  364
 356  753  747  605  868
 357  441  500  335  334
 358  617  616  516  351
 359  443  502  349  337
 360  880  815  794 1197
 361  393  286  456  560
 362  436  494  495  437
 363   52  373  374   53
 364  375   47   46  378
 365  378  519  603  536
 366  756  614  758 1156
 367  372  371  535  539
 368   51  372  373   52
 369   44  376  519   45
 370  267  452  554  389
 371 1126 1146  768  693
 372  743  770  692  558
 373  350  355  532  534
 374  277  260  380 1095
 375  276 1118  445 1092
 376  203  264  278 1084
 377  263  382  450  281
 378  449  280 1119  553
 379  282  262  383 1096
 380  513  614  613  511
 381  415  416  478  466
 382  478  479  583  566
 383 1135 1093  386  547
 384 1098  283  272  392
 385  357  367  533  641
 386  451 1096  383  647
 387  541  640  376  377
 388 1102  454  389  554
 389  454  284  267  389
 390  391  286  271 1097
 391 1116  287  390  555
 392  285 1088  455  392
 393 1100  270  393  458
 394  558  692 1122  391
 395 1088  274  394  455
 396 1100  458 1089  288
 397  489  428  317  487
 398  398  313  301  415
 399  423  421  480  482
 400  424  464  483  425
 401  401  306  308  414
 402  414  308  309  403
 403  413 1171 1152  469
 404  459  312  396  488
 405  407  295  292  410
 406  579  470  572  659
 407  304  406  418  303
 408  292  293  408  410
 409  451  645 1133 1111
 410 1149 1168  472 1150
 411  298  413  412  297
 412  469 1151  412  413
 413  568  567  656  653
 414  567  568 1171  467
 415  417  305  303  418
 416  418  406  470  477
 417  465  470  406  404
 418 1177  572  470  465
 419  310  311  422  420
 420  311  314  423  422
 421  326  325  432  433
 422  595  495  494 1203
 423  434  327  326  433
 424  703  771 1216  773
 425  485  484  420  422
 426  319  226  425  427
 427  488  396  427  486
 428  562  591  650  561
 429  430  419  490  432
 430  422  423  482  485
 431  421  399  463  480
 432  461  463  399  398
 433  435  434  492  493
 434  686  594  593  684
 435  437  495  496  438
 436  498  497  598  599
 437  333  332  439  440
 438  542  521  360  361
 439  500  441  600  602
 440  442  335  500  501
 441  442  443  337  336
 442  501  605  443  442
 443 1091  379  154  275
 444 1106  549  676  444
 445  544 1092  445  678
 446  450  547  386  281
 447 1095  446 1112  551
 448  385  265  447  550
 449 1091  543 1099  379
 450 1104 1094  278  381
 451  545  381  448  681
 452  382  263  449  644
 453  642  577 1120  553
 454  644  449  646  665
 455  552 1096  451 1111
 456 1139  645  451  647
 457 1095  551  384  277
 458 1106 1090  283  453
 459  377  350  534  541
 460  523  529  354  366
 461  558  391 1117  742
 462  522  525  364  352
 463  355  365  526  532
 464  356  368  527  531
 465  464  424  405  481
 466  397  428  489  460
 467  492  434  433  491
 468 1172  581  668  666
 469  425  483  486  427
 470  477  479  417  418
 471  566  583  661  651
 472  402  467 1171  413
 473  474  414  403  557
 474  658  656  576  569
 475  545  700  643 1134
 476  553 1120  646  449
 477  557  403  459  590
 478 1201 1210  648  569
 479  652  571  575  657
 480  473  410  408 1169
 481  590  459  488  588
 482  571  468  407  410
 483  473  575  571  410
 484  475  411  476 1140
 485  552  553 1119  388
 486  411  412 1151  476
 487  469 1152  578 1137
 488  479  478  416  417
 489  651  649  563  566
 490  659  572  565  655
 491  564  654 1205  570
 492  562  561  460  489
 493 1131  650  591 1103
 494  587 1158  485  482
 495  668  581  561  650
 496  573  464  481 1172
 497  432  490  491  433
 498  480  463  570  585
 499 1158  677  484  485
 500  584  483  464  573
 501  487  317  431  604
 502  338  347  604  431
 503  585  587  482  480
 504  463  461  564  570
 505  563  564  461  466
 506  593  493  492  592
 507  663  710  722  670
 508  496  495  595  596
 509  528  521  634  636
 510  440  439  498  499
 511 1206  499  498  599
 512  363  537  520  362
 513  616  537  363  516
 514  118  117  505  503
 515  345  510  639  504
 516  117  116  607  505
 517  539  540  373  372
 518  505  607  755  608
 519  506  340  339  606
 520  757  756 1156  806
 521  341  513  511  342
 522  481  462  581 1172
 523  512  346  342  511
 524  591  562  489  487
 525  343  509  510  345
 526  504  639  604  347
 527  511  613  610  512
 528  798  615  740  870
 529  540  586  374  373
 530  502  617  515  349
 531  536  538  375  378
 532  520  542  361  362
 533  521  528  353  360
 534  352  356  531  522
 535  366  517  601  523
 536  620  622  522  531
 537  820  822 1074 1170
 538  621  627  526  524
 539  368  358  530  527
 540 1157 1075  769 1073
 541  789  691  725  856
 542  689  596  595 1203
 543  523  601  729  633
 544  751  746  559 1108
 545  534  532  632  635
 546  738  889  685  556
 547  735  793  599  598
 548  640  603  519  376
 549  814  807  825  881
 550  371  518  619  535
 551  536  603  736  637
 552  537  616  747  753
 553  638  619  518  370
 554  755  813  807  608
 555  807  813  628  825
 556  627  632  532  526
 557  859  799  745  795
 558  734  600  499 1206
 559  793  734 1206  599
 560  679  380  544  726
 561  678  445 1136  727
 562 1104  381  545 1134
 563  550  681  448  385
 564 1094  546  383  262
 565 1134  643 1105 1104
 566  682  450  382  548
 567 1106  444  387 1090
 568  680 1113 1099 1121
 569  452  384  551  683
 570 1096  552  388  282
 571  665  660  696  644
 572 1116  555 1110  457
 573  559  690  455  394
 574  588  488  486  589
 575 1122  456  286  391
 576  560  694  458  393
 577 1122  692 1128  456
 578  561  581  462  460
 579  609  510  509  611
 580  594  494  493  593
 581  663  670  587  585
 582  465  468 1167 1177
 583  579  582  477  470
 584 1200  471  474 1209
 585  653  660  578  568
 586 1152 1171  568  578
 587 1155  708  701  682
 588  781  710  773 1228
 589  652  657  698 1154
 590  565  572 1177 1167
 591  777  843  844  852
 592 1168 1173 1169  472
 593  475  577 1150  472
 594  575  473  574 1138
 595 1200  576 1187  471
 596  667  579  659  711
 597  580 1140  476 1151
 598  609  611  759  788
 599  668  716  713  666
 600 1228  935  835  781
 601  479  477  582  583
 602  483  584  589  486
 603  677  592  492  491
 604  586  755  607  514
 605  670  673 1158  587
 606  664  666  713  717
 607  664  672  584  573
 608  584  672  674  589
 609 1103  750  662 1131
 610  649  654  564  563
 611 1203  494  594  687
 612  596  691  597  496
 613  793  735  924  860
 614  598  497  597  733
 615  521  542  631  634
 616  542  520  630  631
 617  517  357  641  601
 618  800  827  868  741
 619  501  500  602  741
 620  640  541  745  799
 621  591  487  604 1103
 622  502  443  605  747
 623  618  503  505  608
 624  540  539  628  813
 625  611  509  508  612
 626  512  610  612  508
 627  756  757  613  614
 628  615  507  506  740
 629  988  960  977 1191
 630  740  506  606  804
 631  758  798  862  926
 632  804  606  618  814
 633  629  628  539  535
 634  747  616  617  502
 635  812  629  760  871
 636  752  809  638  538
 637  531  527  625  620
 638  524  525  623  621
 639  525  522  622  623
 640 1129  763 1145  749
 641  626  625  527  530
 642  837  746  751  765
 643 1160  846 1184  821
 644  619  760  629  535
 645  809  887  871  760
 646  630  520  537  753
 647  768  836  742 1117
 648  641  533  754  796
 649  892  746  837 1159
 650 1005  964 1014 1223
 651  457 1110 1126  693
 652  541  534  635  745
 653  601  641  796  729
 654  533  528  636  754
 655  538  536  637  752
 656  861  736  799  859
 657 1103  604  639  750
 658  553  552 1111  642
 659  700  838  705  643
 660  548  382  644  696
 661  645 1139 1147 1148
 662  580 1137  665  646
 663  698  546 1105 1132
 664  719  675  714 1199
 665 1200 1201  569  576
 666  686  684  722  792
 667  583  582  669  661
 668  661  669  712 1217
 669 1155  682  548  706
 670  706  699  653  656
 671  649  702  703  654
 672  570 1205  663  585
 673  707  655  705  838
 674  695  546  698  657
 675 1166  648  697 1161
 676  928  900  865  902
 677 1138  695  657  575
 678  651  704  702  649
 679  775  779  711  707
 680  788  662  750  609
 681  592  673  684  593
 682  660  665 1137  578
 683  668  650  709  716
 684  582  579  667  669
 685  711  659  655  707
 686  662  709  650 1131
 687  776  788  759  810
 688  588  589  674  671
 689  672  664  717  720
 690  673  592  677 1158
 691 1211 1198 1210 1209
 692  590  675 1211  557
 693  543  444  676  724
 694 1143  549 1144 1165
 695  727 1136  701  708
 696 1127 1112  446  679
 697  726  544  678  831
 698  550  447 1113  680
 699  550  680 1123  730
 700  450  682  701  547
 701  548  696  699  706
 702  452  683 1114  554
 703 1112  732  683  551
 704  738  556  690  892
 705  687  594  686  721
 706  857  791  835 1226
 707  688 1110  555  454
 708  687  723  689 1203
 709  691  596  689  725
 710  690  559  746  892
 711  803  733  789  863
 712  733  597  691  789
 713 1128  692  770  744
 714  743  558  742  764
 715  693  768 1117  457
 716 1126 1110  688  739
 717 1108 1101 1125  769
 718 1129  749  694  560
 719  699  696  660  653
 720  714  675  671  718
 721 1132  705 1154  698
 722  545  681  731  700
 723 1155  706  656  658
 724 1220  721  791  857
 725  771  703  702  772
 726  710  654  703  773
 727  845  848  779  775
 728  776  709  662  788
 729 1154  705  655  565
 730  838  766  775  707
 731 1161  697  785  767
 732  727  839  831  678
 733  782  853  851  784
 734  710  663 1205  654
 735  715  667  711  779
 736 1217  704  651  661
 737  715  712  669  667
 738  843  777 1199  778
 739  718  671  674 1221
 740  720 1221  674  672
 741  766  834  845  775
 742  916  851  853  905
 743  610  613  757  762
 744  673  670  722  684
 745  783  716  709  776
 746  697 1198  719  785
 747  675  719 1198 1211
 748  717  784  787  720
 749  750  639  510  609
 750  723  687  721 1220
 751  722  710  781  792
 752  676  728  830  724
 753  725  689  723  790
 754 1099  543  724 1121
 755  803 1225  924  735
 756  727  708 1153  839
 757  734  793  805  748
 758  549 1143  728  676
 759  681  550  730  834
 760  832 1121  724  891
 761  766  731  681  834
 762  833  679  726  895
 763  735  598  733  803
 764  600  734  748  602
 765  829  634  631  826
 766  737  890 1102  554
 767  732  888 1114  683
 768 1109 1102  890 1124
 769  922  878 1181  869
 770  605  501  741  868
 771  748  800  741  602
 772  620  819  818  622
 773 1129 1128  744  763
 774  817  635  632  816
 775 1075  751 1108  769
 776  748  805  866  800
 777 1145 1073  769  749
 778  749  769 1125  694
 779 1164  819  823  824
 780  619  638  809  760
 781  637  797  801  752
 782  802  754  636  828
 783  894  796  754  802
 784  586  540  813  755
 785  758  614  615  798
 786  810  759  761  811
 787  885  804  814  881
 788 1019 1062 1004  984
 789  611  612  761  759
 790 1033 1050 1019 1016
 791  762  761  612  610
 792  716  783  782  713
 793  627  820  816  632
 794  815  824  626  624
 795  767  839 1153 1161
 796  777  785  719 1199
 797  878  817  816 1163
 798 1073 1145 1174  818
 799  846  744  770 1184
 800  743  764 1170 1074
 801  772  702  704  774
 802  963  942  972  996
 803  772  842  840  771
 804  791  792  781  835
 805  715  780 1217  712
 806  774  847  842  772
 807  714  718  778 1199
 808 1221  786  778  718
 809  784  717  713  782
 810  865  895  726  831
 811  780  848  847  774
 812 1217  780  774  704
 813  780  715  779  848
 814  762  808  811  761
 815  850  843  778  786
 816  787  786 1221  720
 817  854  787  784  851
 818  905  853  849  876
 819  856  725  790  920
 820  903  969  975  957
 821  792  791  721  686
 822  794  633  729  858
 823  858  729  796  894
 824  930  910  932  952
 825  795  745  635  817
 826  797  637  736  861
 827  875  873  806 1156
 828  870  740  804  885
 829  630  827  826  631
 830  923  797  861  966
 831 1015 1069 1196 1031
 832  828  636  634  829
 833  907  955  901  830
 834  608  807  814  618
 835  916  918  854  851
 836  810  811  876  849
 837  757  806  808  762
 838  629  812  825  628
 839  929  905  876  874
 840  752  801  887  809
 841  776  810  849  783
 842  873  874  808  806
 843 1033 1016 1061 1051
 844 1164  824  882  765
 845  879  836  911 1163
 846 1174 1160  821  818
 847  819  620  625  823
 848  625  626  824  823
 849 1157  819 1164 1075
 850  822  621  623  821
 851  836  879  764  742
 852  763  744  846 1160
 853  892 1159  947  738
 854  866 1070  883  800
 855  868  827  630  753
 856 1070  866 1025 1066
 857  883  884  829  826
 858  897  728 1143  906
 859 1121  832 1123  680
 860  724  830  901  891
 861  833 1142 1127  679
 862  902  865  831  839
 863  893  899  730 1123
 864 1228 1215  841  935
 865  934  886  910  930
 866  882  898  837  765
 867  731  766  838  700
 868  852  767  785  777
 869  842  847  913  908
 870  773 1216 1215 1228
 871  786  787  855  850
 872  902  839  767  852
 873  848  845  899  915
 874  954  832  903  940
 875  915  899  893  954
 876  915  913  847  848
 877  783  849  853  782
 878  900  936  895  865
 879  949  974  896  939
 880  904  936  950 1182
 881  850  855  919  917
 882  919  855  787  854
 883  789  856  925  863
 884 1230 1227  920  790
 885  908  909  840  842
 886 1014  964  894  802
 887  860  877  805  793
 888  859 1192  966  861
 889  870 1023  862  798
 890  864  801  797  923
 891  805  877 1025  866
 892  794  858  921 1197
 893 1159  837  898  933
 894  934  869 1181 1180
 895  739 1124  910  886
 896  864  965  984 1004
 897  802  828  872 1014
 898 1222 1003  924 1225
 899  916  943  945  918
 900  811  808  874  876
 901  983  923  966 1202
 902  881  825  812 1067
 903  911  836  768 1162
 904  816  820  879 1163
 905  898  882  880  867
 906  824  815  880  882
 907 1023 1052 1037 1001
 908 1067  812  871 1062
 909 1075 1164  765  751
 910  883  826  827  800
 911  828  829  884  872
 912 1046 1066 1018 1034
 913 1146 1180 1162  768
 914 1124  739  688 1109
 915 1115 1114  888 1130
 916 1127  896  732 1112
 917  906 1143 1165 1189
 918  947 1159  933 1175
 919  737 1115  987  948
 920  946  930  952  959
 921  903  832  891  969
 922  912  936  900  928
 923  904  833  895  936
 924 1072  941  973  950
 925 1071 1039 1026 1006
 926  830  728  897  907
 927  933  898  867 1194
 928  899  845  834  730
 929  844 1178  912  928
 930 1178  914 1072  912
 931  928  902  852  844
 932  957  938  940  903
 933  915  954  940  913
 934  914  917  941 1072
 935  904  939 1142  833
 936  929  976  958  943
 937  951  970 1069  992
 938  907  897 1190  931
 939 1190  897  906 1189
 940  938  908  913  940
 941  996  972 1195  991
 942  942 1226 1024  972
 943  840  909  841 1215
 944  878 1163  911 1181
 945  914 1178  850  917
 946  908  938  937  909
 947  994 1218  978 1193
 948  919  854  918  945
 949  943  916  905  929
 950  961  945  943  958
 951  944  960  941  917
 952  925  856  920  963
 953  953 1194 1197  921
 954  858  894  964  921
 955  795  922 1192  859
 956  946  869  934  930
 957  948  932  890  737
 958  981  863  925  963
 959 1018  982 1013 1034
 960 1015 1029 1027 1009
 961  926  862  985  967
 962 1041 1130  989  990
 963  891  901  927  969
 964  955  907  931 1055
 965  976 1022  993  958
 966  890  932  910 1124
 967 1190 1189 1185 1009
 968 1012  962  981 1204
 969 1194  953 1175  933
 970  970 1175  953  979
 971 1226  835  935 1229
 972 1214  841  909  937
 973  889 1186 1165 1144
 974  738  947  951  889
 975  942  963  920 1227
 976  938  957  956  937
 977 1142  939  896 1127
 978  919  945  944  917
 979 1229 1214 1024 1226
 980  976  929  874  873
 981 1219  973  941  960
 982  977  960  944 1224
 983 1069  970  979 1196
 984  989  974  949  971
 985 1202 1044 1207  983
 986 1049 1045 1036 1188
 987 1219 1182  950  973
 988  980  932  948 1065
 989  980  986  952  932
 990  921  964  979  953
 991  954  893 1123  832
 992  997  991 1195  975
 993  927  901  955 1008
 994  957  975 1195  956
 995  875  926  967 1022
 996  959 1212 1192  946
 997 1224  944  945  961
 998  978 1224  961 1000
 999  988  968 1219  960
1000 1041  990 1028 1054
1001  962 1222 1225  981
1002  965  864  923  983
1003  965  998  999  984
1004  968 1183 1182 1219
1005  969  927  997  975
1006  970  951  947 1175
1007 1064 1057 1040 1017
1008  949  939 1183  968
1009  972 1024  956 1195
1010  950  936  912 1072
1011  974  888  732  896
1012  991 1006 1204  996
1013  873  875 1022  976
1014 1224  978 1218  977
1015  998 1207 1059 1011
1016 1000  961  958  993
1017 1193  978 1000 1030
1018 1069 1015 1009  992
1019  987 1063 1065  948
1020 1222  995  982 1003
1021 1193 1030 1017 1040
1022 1068 1060 1058 1042
1023 1059 1207 1044 1053
1024 1050 1033 1051 1056
1025 1016 1019  984  999
1026 1001  985  862 1023
1027  959  952  986 1212
1028  974  989 1130  888
1029  968  988  971  949
1030 1218  994 1191  977
1031  990  989  971 1007
1032 1007  971  988 1191
1033 1191  994 1176 1007
1034 1040 1057 1028 1176
1035 1006  991 1008 1071
1036 1038 1027 1029 1213
1037 1186  889  951 1185
1038 1002 1010  967  985
1039  994 1193 1040 1176
1040 1012 1204 1006 1026
1041 1009 1027  931 1190
1042  981  963  996 1204
1043 1044 1202 1212  986
1044  965  983 1207  998
1045 1041 1054 1063  987
1046 1035  999  998 1011
1047 1000  993 1010 1030
1048 1035 1048 1045 1049
1049 1030 1036 1045 1017
1050 1004  887  801  864
1051  979  964 1005 1196
1052 1034 1058 1060 1046
1053 1032  995 1012 1026
1054 1008  991  997  927
1055  993 1022  967 1010
1056  962 1012  995 1222
1057 1013  982  995 1032
1058 1005 1042 1031 1196
1059 1185  951  992 1009
1060 1029 1015 1031 1213
1061  985 1001 1020 1002
1062 1003  982 1018  877
1063 1050 1067 1062 1019
1064 1021 1020 1001 1037
1065 1021 1037 1051 1061
1066  870  885 1052 1023
1067 1024 1214  937  956
1068 1208 1046 1060 1068
1069 1055  931 1027 1038
1070 1028  990 1007 1176
1071 1213 1047 1039 1038
1072 1030 1010 1002 1036
1073 1036 1002 1020 1188
1074 1042 1005 1223 1068
1075 1013 1032 1047 1034
1076 1055 1038 1039 1071
1077 1035 1049 1016  999
1078 1039 1047 1032 1026
1079 1011 1043 1048 1035
1080 1061 1188 1020 1021
1081 1056 1051 1037 1052
1082 1057 1064 1048 1043
1083 1130 1041  987 1115
1084  872 1068 1223 1014
1085 1054 1028 1057 1043
1086 1053 1044  986  980
1087 1208 1070 1066 1046
1088 1047 1213 1058 1034
1089 1049 1188 1061 1016
1090 1056  881 1067 1050
1091 1062  871  887 1004
1092 1052  885  881 1056
1093 1059 1065 1063 1179
1094 1059 1179 1043 1011
1095 1042 1058 1213 1031
1096 1053  980 1065 1059
1097 1179 1063 1054 1043
1098 1064 1017 1045 1048
1099  872  884 1208 1068
1100 1066 1025  877 1018
1101 1070 1208  884  883
1102 1071 1008  955 1055
1103 1073  818  819 1157
1104  743 1074 1184  770
1105  280 1082  206 1119
1106  264 1087  381  278
1107 1100  288  155  214
1108 1093  202  268  386
1109 1097  287 1116  457
1110  453  283 1098 1107
1111  556  685 1098  392
1112  379 1099 1113  447
1113  394 1101 1108  559
1114 1101  458  694 1125
1115  454 1102 1109  688
1116  546 1094 1104 1105
1117 1132 1105  643  705
1118  549 1106  453 1107
1119  737  554 1114 1115
1120 1118  276 1093 1135
1121  577  642 1111 1133
1122 1140 1120  577  475
1123 1107 1098  685 1141
1124  445 1118 1135 1136
1125 1146 1126  739  886
1126  560  456 1128 1129
1127 1148 1149 1133  645
1128 1136 1135  547  701
1129 1137  580 1151  469
1130 1139  647  695 1138
1131 1140  580  646 1120
1132  685  889 1144 1141
1133  574 1147 1139 1138
1134 1144  549 1107 1141
1135 1174 1145  763 1160
1136 1168 1147  574 1173
1137 1147 1168 1149 1148
1138 1149 1150  577 1133
1139 1153  708 1155  658
1140 1161 1153  658 1166
1141 1180 1146  886  934
1142 1166  658  569  648
1143  473 1169 1173  574
1144 1170  764  879  820
1145 1178  844  843  850
1146  911 1162 1180 1181
1147  939  904 1182 1183
1148  822  821 1184 1074
1149 1165 1186 1185 1189
1150 1187  567  467  471
1151  946 1192  922  869
1152  922  795  817  878
1153  867  880 1197 1194
1154  697  648 1210 1198
1155 1209  474  557 1211
1156 1201 1200 1209 1210
1157 1212 1202  966 1192
1158  841 1214 1229  935
1159  771  840 1215 1216
1160 1220  857 1227 1230
1161 1225  803  863  981
1162 1226  942 1227  857
1163  723 1220 1230  790
1164  877  860  924 1003