 1 18  1 19 36
 2  1  2 21 19
 3 43 23 34 48
 4 23 44 24 34
 5 45 25 24 44
 6 26 25 49 47
 7 34 24 33 30
 8 24 25 29 33
 9 25 26 32 29
10 28 20 27 50
11 32 26 42 27
12 40 39 50 41
13 34 30 35 48
14 38 37 20 28
15 20 37 36 30
16 21  2  3 22
17 39 38 28 50
18 22  3  4 43
19 23  5  6 44
20 44  6  7 45
21  9 49 46  8
22 49  9 10 47
23 11 12 42 26
24 41 42 12 13
25 14 40 41 13
26 31 20 30 33
27 39 40 14 15
28 35 19 21 48
29 48 21 22 43
30 32 31 33 29
31 27 20 31 32
32 19 35 30 36
33 17 18 36 37
34 37 38 16 17
35 15 16 38 39
36 27 42 41 50
37 43  4  5 23
38  7  8 46 45
39 45 46 49 25
40 47 10 11 26
  41  264 1017  171 1026
  42  306  299  410  427
  43   10  171  181   11
  44   87  209  210   86
  45  206   90   91  191
  46  170   15  176  268
  47  199  190  224  243
  48  188  104  105  221
  49    1  173  184    2
  50  179    4  175  280
  51  573  568  432  428
  52    5    4  179 1028
  53   16 1023  182   17
  54  205  204  225  247
  55  178   13   12 1025
  56  256  380  381  257
  57  258  259   67   68
  58  307  158  159  313
  59  264 1026  172 1019
  60  168 1027    7    6
  61  276  183  273 1018
  62  288  289  129  130
  63  316  139  140  326
  64  439  537  337  266
  65  107  186  187  106
  66  199   98   99  190
  67  277 1022  174 1037
  68  137   57 1021   56
  69   57   58  408 1021
  70  284  283  390  391
  71  389  282  263  388
  72  388  263  262  387
  73  258  382  383  259
  74  281  336 1035  180
  75  449  538 1033  338
  76  409  166   51  414
  77  303  302  416  420
  78  303  164  165  302
  79  164  303  304  163
  80  299  161  162  305
  81  271  497 1038  167
  82  313  306  427  411
  83    9    8  172 1026
  84  576  575  426  425
  85  183  276  172    8
  86  308  155  156  300
  87  413  428  310  314
  88  151  310  315  150
  89  177 1028  279  340
  90  149  317  318  148
  91  148  318  319  147
  92  446 1051 1045  339
  93  147  319  320  146
  94  322  144  145  321
  95  323  143  144  322
  96  554  662  687  563
  97  134  316  407  133
  98   76  135   77  219
  99  219   77   78  218
 100  218  217  226  328
 101  215  214  228  227
 102  453  377  376  372
 103  229  250  213  212
 104  210  209  232  231
 105  230  229  212  211
 106  254  255   71   72
 107  256  257   69   70
 108  180   13  178  281
 109  260  261   65   66
 110  261  262   64   65
 111   62   63  263  282
 112   61   62  282  283
 113   60   61  283  284
 114  284  298   59   60
 115  301 1021  408  564
 116  136  116 1020  115
 117  115 1020  185  114
 118  394  287  292  403
 119  192  113  114  185
 120  193  112  113  192
 121  194  111  112  193
 122  193  192  238  233
 123  195  109  110  222
 124  220  108  109  195
 125  184  269  331  274
 126    3 1029  175    4
 127  106  187  221  105
 128  189  103  104  188
 129  196  102  103  189
 130  241  234  196  189
 131  532  621  602  442
 132  200   97   98  199
 133  243  235  200  199
 134  201   96   97  200
 135   95  202  203   94
 136  174   17  182  270
 137  268  333 1034  170
 138   90  206  207   89
 139  207  206  236  248
 140   89  207  208   88
 141   88  208  209   87
 142   86  210  211   85
 143   85  211  212   84
 144   84  212  213   83
 145  214   82   83  213
 146  215   81   82  214
 147  216   80   81  215
 148   79  217  218   78
 149  134  138  139  316
 150  133  407  395  132
 151  437  438  325  324
 152  130  131  393  288
 153  431  430  319  318
 154  406  289  288  553
 155 1028  179 1036  279
 156  456  506  503  485
 157  220  195  344  373
 158  342  374  222  194
 159  327  384  287  394
 160  292  287  118  119
 161  116  117  384 1020
 162   12   11  167 1025
 163  177    6    5 1028
 164    3    2  169 1029
 165   16   15  170 1023
 166  176   15   14 1024
 167  271  181  275  645
 168  171   10    9 1026
 169  183    8    7 1027
 170  308  300  412  423
 171  173    1   18 1022
 172   18   17  174 1022
 173  202   95   96  201
 174  280  339 1036  179
 175   14   13  180 1024
 176  363  362  228  250
 177  498  450  340  448
 178  168    6  177  265
 179  178 1025  267  338
 180  259  260   66   67
 181  125  126  294  293
 182  739  741  655 1077
 183  257  258   68   69
 184 1024  180 1035  278
 185  161  299  306  160
 186  167   11  181  271
 187  239  236  206  191
 188   94  203  204   93
 189 1043  775 1047  929
 190  314  312  426  413
 191  102  196  197  101
 192  169    2  184  274
 193  186  107  108  220
 194  266  337  175 1029
 195  237  371  187  186
 196  189  188  223  241
 197  444  274  331  535
 198  190   99  100  198
 199  198  100  101  197
 200  191   91   92  205
 201  205   92   93  204
 202  122  123  291  297
 203  222  110  111  194
 204  344  374  457  456
 205  619  615  698  602
 206  234  240  197  196
 207  348  346  245  244
 208  235  244  201  200
 209  348  466  471  346
 210 1037  174  270  332
 211  244  245  202  201
 212  353  365  249  248
 213 1079  515  620  507
 214  231  230  211  210
 215  255  256   70   71
 216  376  377  253  252
 217  251  227  357  361
 218   74  252  253   73
 219  372  376  328  226
 220  217  216  251  226
 221   80  216  217   79
 222   75  375  252   74
 223   76  219  375   75
 224  286  291  123  124
 225  342  194  193  233
 226  514  462  474  521
 227  188  221  343  223
 228  190  198  242  224
 229  350  345  235  243
 230  204  203  246  225
 231  170 1034  272 1023
 232  216  215  227  251
 233  214  213  250  228
 234  357  475  467  361
 235  365  369  232  249
 236  209  208  249  232
 237  278  329  176 1024
 238  463  468  354  351
 239  296  295  120  121
 240  360  359  234  241
 241  534  440  597  781
 242  186  220  373  237
 243  124  125  293  286
 244  185  327  238  192
 245  119  120  295  292
 246  247  239  191  205
 247  272  335  182 1023
 248  198  197  240  242
 249  364  360  241  223
 250  352  350  243  224
 251  445 1037  332  691
 252  517 1080  628  520
 253  203  202  245  246
 254  346  347  246  245
 255  248  236  355  353
 256  208  207  248  249
 257  377  453  486  378
 258  252  375  328  376
 259   72   73  253  254
 260  250  229  366  363
 261  362  357  227  228
 262  379  255  254  378
 263  380  256  255  379
 264  383  382  490  491
 265  414   51   52  415
 266  409  414  592  552
 267   63   64  262  263
 268  260  385  386  261
 269  389  388  495  496
 270  317  149  150  315
 271  269  184  173  334
 272  173 1022  277  334
 273  275  181  171 1017
 274  443 1034  333  601
 275  247  225  349  351
 276  312  153  154  309
 277  183 1027 1030  273
 278  358  356  242  240
 279  330  169  274  444
 280  572 1066  673  669
 281  309  154  155  308
 282 1019  172  276  894
 283  512 1081 1084  511
 284  540  593  525  637
 285  285  294  126  127
 286  280  175  337 1031
 287  611  696  697  614
 288  259  383  385  260
 289  390  283  282  389
 290   55  301  418   54
 291  127  128  290  285
 292  374  342  454  457
 293  117  118  287  384
 294  321  145  146  320
 295  289  290  128  129
 296  396  562  560  398
 297  327  394  341  238
 298  401  293  294  400
 299  290  396  398  285
 300  402  295  296  405
 301  121  122  297  296
 302  397  291  286  399
 303  402  405  558  657
 304  392  298  284  391
 305   58   59  298  408
 306  305  162  163  304
 307  449 1038  497  609
 308  300  156  157  311
 309  311  157  158  307
 310  301   55   56 1021
 311  302  165  166  409
 312  261  386  387  262
 313  305  304  421  419
 314  633  713  714  632
 315  160  306  313  159
 316  411  422  307  313
 317  153  312  314  152
 318  310  151  152  314
 319  422  411  579  578
 320  309  308  423  425
 321  423  570  576  425
 322  594  690  450  498
 323  315  310  428  432
 324  141  325  326  140
 325  324  142  143  323
 326  428  413  577  573
 327  553  288  393  563
 328  321  320  434  435
 329  831  891  901  840
 330  430  434  320  319
 331  429  436  581  574
 332  289  406  396  290
 333  142  324  325  141
 334  429  437  324  323
 335  384  327  185 1020
 336  218  328  375  219
 337  361  372  226  251
 338  268  176  329  440
 339  359  358  240  234
 340  169  330  266 1029
 341  442  269  334  532
 342  356  352  224  242
 343  270 1032  441  332
 344  345  348  244  235
 345  239  247  351  354
 346  225  246  347  349
 347  182  335 1032  270
 348  257  381  382  258
 349 1035  336 1042  447
 350  439  266  330  531
 351 1054  734 1046  537
 352  281  178  338 1033
 353  582  588  674  666
 354 1036  339 1045  448
 355  265  177  340  450
 356  341  370  233  238
 357  195  222  374  344
 358  221  187  371  343
 359  291  397  404  297
 360  539  639  607  499
 361  703  622  710  777
 362  516  472  518 1049
 363  464  466  348  345
 364  440  534  333  268
 365  461  465  350  352
 366  613  700  696  611
 367  480  523  522  477
 368  236  239  354  355
 369  443  533 1032  335
 370  356  462  461  352
 371  442  535  331  269
 372  473  359  360  460
 373  223  343  455  364
 374  698  699  847  535
 375  229  230  367  366
 376  486  593  540  487
 377  369  365  459  482
 378  343  371  481  455
 379  500  527  636  634
 380  368  367  230  231
 381  353  355  476  458
 382  329  447  528  440
 383  369  368  231  232
 384  504  458  476  510
 385  613  504  510  616
 386  452  341  394  403
 387  639  539  452  657
 388  371  237  484  481
 389  453  372  361  467
 390  370  539  499  454
 391  377  378  254  253
 392  366  367  478  480
 393  871  795  792  870
 394  477 1071  362  363
 395  488  380  379  487
 396  451  336  281 1033
 397  492  493  386  385
 398  451 1033  538 1039
 399  491  492  385  383
 400  388  387  494  495
 401  390  389  496  550
 402   54  418  417   53
 403   53  417  415   52
 404  564  408  298  392
 405  131  132  395  393
 406  292  295  402  403
 407  438  483  326  325
 408  373  344  456  485
 409  399  286  293  401
 410  285  398  400  294
 411  560  555  400  398
 412  527  455  481  530
 413  596  689  498  448
 414  405  296  297  404
 415  530  481  484  529
 416  571  676  687  662
 417  483  407  316  326
 418  299  305  419  410
 419  578  579 1073  672
 420  424  422  578  567
 421  300  311  424  412
 422  832  834  758  751
 423  450  690  775  265
 424  549  650  496  495
 425  550  551  391  390
 426  302  409  552  416
 427  652  680  566  591
 428  301  564  591  418
 429  304  303  420  421
 430  784  859  858  785
 431  311  307  422  424
 432  567  572  412  424
 433  312  309  425  426
 434  419  421  588  582
 435  569  580  427  410
 436  568  584  433  432
 437  323  322  436  429
 438  318  317  433  431
 439  317  315  432  433
 440  670  677  577  575
 441  322  321  435  436
 442  585  589  684  682
 443  483  554  395  407
 444  483  438  662  554
 445  447  329  278 1035
 446  443  335  272 1034
 447  532  334  445  604
 448  510  476  468  507
 449  469  463  351  349
 450  521  513  617  625
 451  531  330  444  600
 452  445  334  277 1037
 453  691  332  441  603
 454  555  556  401  400
 455  446  339  280 1031
 456  489  490  382  381
 457  880  740  813  843
 458  448  340  279 1036
 459 1038  449  338  267
 460  582  569  410  419
 461  665  664  584  568
 462  451  536 1042  336
 463  341  452  539  370
 464  475  357  362 1071
 465  501  457  454  499
 466  485  484  237  373
 467  397  399  557  561
 468  458  459  365  353
 469  522  629  635  526
 470  479  478  367  368
 471  360  364  500  460
 472  500  364  455  527
 473  356  358  474  462
 474  359  473  474  358
 475  473  513  521  474
 476  345  350  465  464
 477  461 1089 1088  465
 478 1070  517  520  518
 479  467  475  525  593
 480  458  504  502  459
 481  355  354  468  476
 482  472  349  347  470
 483  469  516  626  515
 484  470  347  346  471
 485  466 1081  517 1070
 486  469  349  472  516
 487  513  473  460  608
 488  363  366  480  477
 489  487  379  378  486
 490  489  381  380  488
 491  525  475 1071  526
 492  490  489  543  544
 493  482  479  368  369
 494  509  482  459  502
 495  631  529  503  612
 496  457  501  506  456
 497  454  342  233  370
 498  477  522  526 1071
 499  478  519  523  480
 500  479  524  519  478
 501  523  632  629  522
 502  491  490  544  545
 503  547  493  492  546
 504  546  492  491  545
 505  387  386  493  494
 506  545  544  643  644
 507  494  493  547  548
 508  417  566  565  415
 509  738  765  814  654
 510 1058 1057  672 1073
 511  448 1045 1051  596
 512  431  433  584  590
 513  404  397  561  559
 514  661  658 1095  744
 515  399  401  556  557
 516  713  633  627  704
 517  485  503  529  484
 518  507  468  463 1079
 519  504  613  611  502
 520  618  615  505  514
 521 1090  505  508 1089
 522  774  854  689  596
 523  555  560  655  658
 524  469  515 1079  463
 525  507  620  616  510
 526  621  532  604 1067
 527 1090 1089  461  462
 528  729  528  599  804
 529  482  509  524  479
 530  619  602  621  511
 531 1084 1088 1082  511
 532  628  623  691  603
 533 1084 1081  466  464
 534  608  460  500  634
 535  600  778  730  531
 536  462  514  505 1090
 537  518  472  470 1070
 538  622  515  626  710
 539  691  623  604  445
 540  719  848  710  626
 541  489  488  542  543
 542  471  466 1070  470
 543  439  598 1054  537
 544  526  635  637  525
 545  640  541  720  722
 546  502  611  614  509
 547  593  486  453  467
 548 1042  599  528  447
 549  624  610  705  707
 550  612  503  506  624
 551  636 1104 1101  634
 552  441 1032  533 1041
 553  443  601  848  533
 554  333  534 1040  601
 555  597  440  528  729
 556  535  442  602  698
 557  451 1039  606  536
 558  537 1046 1031  337
 559  598  439  531  730
 560  595  449  609  688
 561  420  416  586  587
 562 1046  605  446 1031
 563  556  555  658  661
 564  403  402  657  452
 565  541  487  540  720
 566  541  542  488  487
 567  633  519  524  627
 568  627  524  509  614
 569  595  721  538  449
 570  548  547  647  648
 571  606  731 1056  536
 572  547  546  646  647
 573  495  494  548  549
 574  549  548  648  649
 575  552  592  686  651
 576  591  566  417  418
 577  392  391  551  652
 578  565  592  414  415
 579  393  395  554  563
 580  438  437  571  662
 581  559  558  405  404
 582  656  659  559  561
 583  610  501  499  607
 584  396  406  653  562
 585  737  562  653  764
 586  624  506  501  610
 587  653  406  553  663
 588  583  581  436  435
 589  574  571  437  429
 590  652  591  564  392
 591  650  654  550  496
 592 1108  928  963  995
 593  567  668 1066  572
 594  423  412  572  570
 595  899 1018  900 1044
 596  570  572  669  576
 597  668  749  673 1066
 598  752  746  664  665
 599  413  426  575  577
 600  757  576  669  758
 601  411  427  580  579
 602  749  668  754  826
 603  569  667 1075  580
 604  886  910  820  825
 605  435  434  585  583
 606  750  745  820  828
 607  434  430  589  585
 608  589  590  681  684
 609  829  890  822  752
 610  587  586  733  675
 611  416  552  651  586
 612  421  420  587  588
 613  590  589  430  431
 614  746  748  681  664
 615  736  738  654  650
 616 1051  446  605  726
 617 1077  655  560  562
 618  709 1094  634 1101
 619  535  847  600  444
 620  620  515  622  703
 621  508  505  615  619
 622  603  441 1041  630
 623  511  621 1067  512
 624  860  914  862 1093
 625  753  745  666  674
 626  546  545  644  646
 627  636  527  530  638
 628  645  693  497  271
 629  582  666  667  569
 630  794  790  707  705
 631  700  613  616  701
 632  859  784  786 1061
 633  615  618  699  698
 634  513  608  694  617
 635  617  694  782  706
 636  625  618  514  521
 637  508  619  511 1082
 638  623  512 1067  604
 639  620  703  701  616
 640 1080  512  623  628
 641  692  695  607  639
 642  776  659  656  743
 643  625  617  706 1065
 644  630 1049  518  520
 645  533  848  719 1041
 646  640  543  542  541
 647  628  603  630  520
 648  629  712  715  635
 649  632  523  519  633
 650  631  638  530  529
 651  544  543  642  643
 652  704  627  614  697
 653  635  715  718  637
 654  720  540  637  718
 655  702  716  631  612
 656  638  631  716  717
 657  657  558  692  639
 658  543  640  641  642
 659  712  629  632  714
 660  799  974  731  606
 661  785  704  697  784
 662  644  643  725  727
 663  824  749  826 1048
 664  913  863  858  859
 665  646  644  727  728
 666  595  688 1060  772
 667  675  674  588  587
 668  549  649  736  650
 669  592  565  685  686
 670  654  814  551  550
 671  663  553  563  687
 672  661  660  557  556
 673  561  557  660  656
 674  659  692  558  559
 675  935  984  970  936
 676  692  659  776  695
 677  769  768  676  679
 678  574  679  676  571
 679  612  624  707  702
 680  658  655  741 1095
 681  923  957 1102 1105
 682  664  681  590  584
 683  568  573  678  665
 684 1083  822  821 1092
 685  674  675  760  753
 686  749  824  751  673
 687  668  567  578  672
 688  673  751  758  669
 689  834  838  757  758
 690  836  833  755 1055
 691  685  565  566  680
 692  579  580  671 1073
 693  671  580 1075  763
 694  575  576  757  759
 695  733  586  651  771
 696  760  809  877  835
 697  686  770  771  651
 698  648  647  732  735
 699  679  574  581 1069
 700  583  683 1069  581
 701  850  690  594  779
 702  573  577  677  678
 703  745  750  667  666
 704  583  585  682  683
 705  769  683  766  842
 706  680  652  551  814
 707  761  684  681  748
 708  739 1077  813  740
 709 1069  683  769  679
 710  746  752  822 1083
 711  811  816  736  649
 712  816  884  941  845
 713  693  780  609  497
 714  594  498  689  773
 715  726  774  596 1051
 716  781  851 1040  534
 717  948  913  859 1061
 718  837  815  867 1050
 719  787  709  711  864
 720  695  705  610  607
 721  696  786  784  697
 722  786  696  700  788
 723  722  805  800  723
 724  701  851  788  700
 725  856  782  912  907
 726  777  601 1040  851
 727  641  723  724  642
 728  776  742  783  695
 729  847  708  778  600
 730  865  783  742  823
 731 1065  708  847  699
 732  789 1094  709  787
 733  711  709 1101 1104
 734  777  710  848  601
 735  638  717 1104  636
 736  823  742  827  898
 737  712  792  795  715
 738 1001  952  959  981
 739  643  642  724  725
 740  791  713  704  785
 741  805  718  715  795
 742  742  776  743  827
 743  873  797  798  796
 744 1104  717  797  711
 745  722  720  718  805
 746 1049  719  626  516
 747  630 1041  719 1049
 748  647  646  728  732
 749  721 1052 1039  538
 750  722  723  641  640
 751  792  712  714  793
 752  802  725  724  801
 753  772  882  721  595
 754  734  803  605 1046
 755  849 1086  946  882
 756  835  825  753  760
 757  804  599 1056  731
 758 1052  799  606 1039
 759  816  845  738  736
 760  778  856  907  730
 761  649  648  735  811
 762  808  728  727  807
 763  737  813 1077  562
 764  764  653  663  768
 765  814  765  685  680
 766  843  813  737  764
 767  766  683  682  767
 768  896  920  865  823
 769  656  660  747  743
 770  747  660  661  744
 771  819 1100  817 1103
 772  872  797  873 1105
 773 1078  756  829  752
 774  744 1095 1100  819
 775  854  909  773  689
 776  889  824 1048 1017
 777  910  857  828  820
 778 1075  667  750  763
 779  834  832  894  899
 780  678  677  756 1078
 781  779  594  773  852
 782  675  733  809  760
 783  825  820  745  753
 784  762 1058 1073  671
 785 1050  888  826  754
 786  670  575  759 1062
 787  752  665  678 1078
 788 1062  756  677  670
 789  832  751  824  889
 790 1062  759 1055  755
 791  810  732  728  808
 792  831  761  748 1092
 793  684  761  767  682
 794  762  671  763  839
 795  839  815  837  762
 796  685  765  770  686
 797  844  843  764  768
 798  891  935  936  901
 799  817 1091  818 1096
 800  842  766  841  903
 801  910  886  855 1053
 802  864  860 1093  787
 803  985  986 1012 1003
 804  703  777  851  701
 805  778  708 1072  856
 806  829  756  833  895
 807  609  780 1053  688
 808  693  815  857  780
 809  853  597  729  905
 810  694 1094  789  782
 811  783  794  705  695
 812  793  868  870  792
 813  948  853  905  979
 814  796  798  716  702
 815  788  851  781  861
 816  790  796  702  707
 817  713  791  793  714
 818  917  919  868  863
 819  863  791  785  858
 820  800  805  795  871
 821  943  726  605  803
 822  711  797  872  864
 823  717  716  798  797
 824  817 1096  885 1103
 825  807  727  725  802
 826  723  800  801  724
 827  863  913  916  917
 828  906 1059  799 1052
 829  734 1054  806 1002
 830 1064  806 1054  598
 831  875  807  802  874
 832  846  771  770  845
 833  810  808  878 1107
 834  810  812  735  732
 835  876  808  807  875
 836  735  812  879  811
 837  884 1109  934  941
 838  815  693  645  867
 839  867  911  888 1050
 840  811  879  884  816
 841  663  687  676  768
 842 1099 1091  817 1100
 843  740  818 1091  739
 844 1008  968  933  990
 845  767  840  841  766
 846  869  866  790  794
 847  744  819  830  747
 848  849 1060  855  944
 849  822  890  887  821
 850  827  743  747  830
 851  893  886  825  835
 852 1050  754 1057  837
 853  839  828  857  815
 854  763  750  828  839
 855  755  833  756 1062
 856  890  829  895  852
 857  918 1098  864  872
 858 1098  915  951 1087
 859  984  947  909  945
 860  761  831  840  767
 861  264 1019  889 1017
 862  838  834  899 1044
 863  878  927  932  881
 864 1055  838 1044  836
 865  897  900  850  779
 866  759  757  838 1055
 867  840  901  902  841
 868  903  841  902  940
 869  845  770  765  738
 870  843  844  904  880
 871  844  768  769  842
 872  842  903  904  844
 873  846  845  941  931
 874  846  809  733  771
 875  772 1060  849  882
 876  688 1053  855 1060
 877  690  850 1047  775
 878  781  597  853  861
 879  905  729  804  959
 880  923  921  958  957
 881  891  821  887  935
 882  779  852  895  897
 883  780  857  910 1053
 884  706  782  856 1072
 885  782  789  862  912
 886  948 1061  861  853
 887  979  905  959  952
 888  806  914  950 1002
 889  788  861 1061  786
 890 1093  862  789  787
 891 1009  988  983  997
 892  791  863  868  793
 893  866  873  796  790
 894  869  794  783  865
 895  830  892  898  827
 896  645  275  911  867
 897  801  925  874  802
 898  919  922  870  868
 899  800  871  925  801
 900  892 1103  885  937
 901  995 1011  987  999
 902  878  808  876  927
 903  846  931  877  809
 904  955  956  917  916
 905  818  740  880  930
 906  993  965  877  931
 907  812  810 1107 1110
 908  882  906 1052  721
 909  944  977 1086  849
 910  883 1096  818  930
 911  938  896  823  898
 912  819 1103  892  830
 913  944  855  886  893
 914 1048  826  888  911
 915  889 1019  894  832
 916  890  852  947  887
 917  935  887  947  984
 918  891  831 1092  821
 919 1097  835  877  965
 920  897  895  833  836
 921  869  865  920  921
 922  900  897  836 1044
 923 1102  957  954  915
 924 1018  273  929  900
 925  901  936  939  902
 926  902  939  973  940
 927  942  930  880  904
 928  927  876  926  961
 929  854  774  949  908
 930  726  943  949  774
 931  852  773  909  947
 932  854  908  945  909
 933  911  275 1017 1048
 934  862  914 1068  912
 935  979  916  913  948
 936  950 1087  951  980
 937  873  866  923 1105
 938 1087  950  914  860
 939  952  955  916  979
 940  922  967  874  925
 941  938  937  972  953
 942  972  986  958  953
 943  967  922  919 1106
 944  866  869  921  923
 945 1000  975 1014  996
 946  870  922  925  871
 947  875  924  926  876
 948  924  875  874  967
 949  927  961  966  932
 950  955  983  988  956
 951  997  974  992 1009
 952 1109  812 1110  928
 953  963  881  932  989
 954 1043  929  273 1030
 955  900  929 1047  850
 956  969  993  934 1109
 957  989  932  966 1005
 958  933  885 1096  883
 959  964  883  930  942
 960  941  934  993  931
 961 1109  884  879  812
 962  970 1000  996  971
 963  980  951  982 1076
 964  968  937  885  933
 965  936  970  971  939
 966  953  920  896  938
 967  898  892  937  938
 968  942  904  903  940
 969  980 1076  998 1063
 970  835 1097  962  893
 971  975  908  949  976
 972 1006  987 1011 1013
 973  906  882  946  978
 974  980 1063 1002  950
 975  915 1098  918 1102
 976  953  958  921  920
 977  915  954  982  951
 978  924  967  960  926
 979  960  967 1106  956
 980  919  917  956 1106
 981 1003 1012 1010  976
 982  972  937  968  994
 983  804  731  981  959
 984 1009  992 1004  991
 985  961  926  960 1015
 986  961 1015  991  966
 987  944  893  962  977
 988  962 1097  987 1006
 989  963  928 1110  881
 990  964  990  933  883
 991  973  964  942  940
 992  995  963  989 1011
 993  975 1000  945  908
 994  986  985  957  958
 995  973 1085 1007  964
 996  981  731  974  997
 997  978 1074 1059  906
 998  976  949  943  998
 999 1008 1007  996 1014
1000  943  803 1063  998
1001  985  982  954  957
1002  978  946 1086 1006
1003  803  734 1002 1063
1004  952 1001  983  955
1005  998 1076 1003  976
1006  984  945 1000  970
1007 1005 1013 1011  989
1008  960  956  988 1015
1009  991 1004 1005  966
1010 1007 1008  990  964
1011 1004 1074 1013 1005
1012 1059  992  974  799
1013 1074 1004  992 1059
1014 1016 1010 1012  994
1015  965  999  987 1097
1016 1108  995  999  969
1017  999  965  993  969
1018 1001  981  997  983
1019  982  985 1003 1076
1020  978 1006 1013 1074
1021  977  962 1006 1086
1022  996 1007 1085  971
1023 1014 1010 1016 1008
1024  994  968 1008 1016
1025 1009  991 1015  988
1026  975  976 1010 1014
1027  994 1012  986  972
1028  276 1018  899  894
1029  167 1038  267 1025
1030 1030 1027  168 1043
1031 1043  168  265  775
1032  599 1042  536 1056
1033  730  907 1064  598
1034  754  668  672 1057
1035  762  837 1057 1058
1036 1065  699  618  625
1037 1065  706 1072  708
1038  907  912 1068 1064
1039  806 1064 1068  914
1040 1080  517 1081  512
1041  464  465 1088 1084
1042 1085  973  939  971
1043 1098 1087  860  864
1044  508 1082 1088 1089
1045  739 1091 1099  741
1046 1083 1092  748  746
1047 1094  694  608  634
1048 1100 1095  741 1099
1049 1105 1102  918  872
1050 1107  878  881 1110
1051  928 1108  969 1109