 1 20  1 21 22
 2  1  2 23 21
 3 22 37 19 20
 4 30 51 50 49
 5 39 41 33 34
 6 42 46 55 44
 7 38 43 25 26
 8 24 25 43 23
 9 28 29 42 27
10 32 33 41 54
11 14 15 33 32
12 23  2  3 24
13 16 17 35 34
14 18 19 37 36
15 24  3  4 25
16 25  4  5 26
17 28 27  6  7
18 28  7  8 29
19 27 26  5  6
20 29  8  9 52
21 52 51 30 46
22 10 11 50 51
23 49 50 11 12
24 48 32 54 31
25 49 48 31 30
26 34 33 15 16
27 13 14 32 48
28 46 42 29 52
29 36 37 40 39
30 36 35 17 18
31 37 22 53 40
32 53 57 47 40
33 35 36 39 34
34 57 21 23 43
35 42 44 47 38
36 45 55 31 54
37 56 45 54 41
38 47 44 56 40
39 30 31 55 46
40 44 55 45 56
41 43 38 47 57
42 12 13 48 49
43 10 51 52  9
44 53 22 21 57
45 56 41 39 40
46 26 27 42 38
 47 145 146 173 162
 48 376 368 354 277
 49 192  66  67 191
 50 374 366 352 274
 51 212  91  92 211
 52 373 365 327 283
 53 228 797 269 360
 54 168 118 119 231
 55 233 116 117 232
 56 328 290 219 218
 57  17 799 257  18
 58 476 840 461 526
 59 194 193 352 275
 60 196 195 350 276
 61 250 801  12  11
 62 477 368 463 527
 63 354 175 174 277
 64 349 177 176 278
 65   7 803 259   8
 66 380 475 841 375
 67 235 234 353 281
 68 237 236 351 282
 69   2 255 260   3
 70 365 464 479 364
 71 153 127 154 207
 72 207 154 155 206
 73 502 433 357 323
 74 270 151 152 324
 75 203 202 285 321
 76 270 170 150 151
 77 544 388 430 459
 78 147 148 163 172
 79 302 173 172 307
 80 162 174 144 145
 81 143 144 174 175
 82 142 143 175 176
 83 141 142 176 177
 84 140 141 177 178
 85 139 140 178 179
 86 138 139 179 180
 87 137 138 180 181
 88 496 417 428 460
 89 134 135 183 184
 90 133 134 184 185
 91 132 133 185 186
 92 186 187 131 132
 93  74 128  75 227
 94 227  75  76 226
 95 504 434 359 335
 96 271  72  73 336
 97 223 222 289 333
 98  71 188 189  70
 99 411 407 289 330
100 165  68  69 190
101  68 165 191  67
102 192 191 303 291
103  65 164 193  64
104 194  63  64 193
105 195  62  63 194
106 196  61  62 195
107 197  60  61 196
108 198  59  60 197
109 199  58  59 198
110  58 199 200 161
111 201 160 161 200
112 202 159 160 201
113 204 157 158 203
114 156 205 206 155
115  99 125 100 248
116 248 100 101 247
117 503 435 358 346
118 272  97  98 347
119 244 243 293 344
120  96 208 209  95
121 499 419 432 521
122 167  93  94 210
123  93 167 211  92
124 212 211 304 295
125  90 166 213  89
126 214  88  89 213
127 215  87  88 214
128 216  86  87 215
129 217  85  86 216
130 218  84  85 217
131 219  83  84 218
132  83 219 220  82
133 188 332 331 189
134 221  81  82 220
135 222  80  81 221
136 224  78  79 223
137  77 225 226  76
138 126 129 797 124
139 129 130 269 797
140 187 186 312 297
141 231 230 338 298
142 273 122 123 228
143 121 229 230 120
144 135 136 182 183
145 118 168 232 117
146 298 299 168 231
147 232 168 299 300
148 115 169 234 114
149 235 113 114 234
150 236 112 113 235
151 237 111 112 236
152 238 110 111 237
153 239 109 110 238
154 240 108 109 239
155 108 240 241 107
156 208 343 342 209
157 242 106 107 241
158 243 105 106 242
159 245 103 104 244
160 102 246 247 101
161  10 261 266  11
162 148 149 171 163
163 162 287 277 174
164  15 262 264  16
165 164  65  66 192
166 190  69  70 189
167 291 274 164 192
168   1 267 255   2
169 166  90  91 212
170 210  94  95 209
171 295 283 166 212
172 231 119 120 230
173   5 263 265   6
174 169 115 116 233
175 203 158 159 202
176 286 316 413 424
177 149 150 170 171
178 307 172 163 292
179 146 147 172 173
180 175 354 278 176
181 177 349 279 178
182   9 802 261  10
183 180 308 288 181
184 309 179 178 279
185 405 404 313 311
186 136 137 181 182
187 256   8 259 779
188 181 288 310 182
189 183 348 311 184
190 360 297 437 436
191 437 508 337 436
192 122 273 229 121
193 130 131 187 269
194 188  71  72 271
195 223  79  80 222
196 290 328 415 426
197 191 165 315 303
198 249 800  14  13
199 316 286 199 198
200 198 197 317 316
201 276 317 197 196
202 286 306 200 199
203 171 319 292 163
204 430 388 307 292
205 433 502 505 320
206 322 321 401 397
207 157 204 205 156
208 322 323 205 204
209 323 357 206 205
210 153 207 324 152
211 208  96  97 272
212 244 104 105 243
213 294 339 414 425
214 211 167 326 304
215 327 355 214 213
216 283 327 213 166
217 252 268  19  18
218 268 798  20  19
219 218 217 329 328
220 217 216 356 329
221 290 314 220 219
222 331 296 190 189
223 389 418 498 500
224 434 504 507 332
225 333 402 398 334
226  78 224 225  77
227 334 335 225 224
228 335 359 226 225
229  74 227 336  73
230 228 123 124 797
231 229 273 436 337
232 338 230 229 337
233 409 420 442 870
234   4 804 263   5
235 339 294 240 239
236 239 238 340 339
237 282 340 238 237
238 294 325 241 240
239 342 301 210 209
240 501 390 419 499
241 435 503 506 343
242 344 403 399 345
243 103 245 246 102
244 345 346 246 245
245 346 358 247 246
246  99 248 347  98
247 258  13  12 801
248   7   6 251 803
249   4   3 253 804
250  17  16 254 799
251 267   1  20 798
252   9   8 256 802
253 252  18 257 778
254 249  13 258 780
255 298 338 428 417
256 253   3 260 782
257 275 350 195 194
258 262  15  14 800
259 281 351 236 235
260 274 352 193 164
261 254  16 264 793
262 280 353 234 169
263 251   6 265 791
264 250  11 266 792
265 328 329 396 415
266 284 356 216 215
267 297 360 269 187
268 362 366 840 476
269 317 276 382 393
270 287 162 173 302
271 361 368 477 863
272 309 279 381 394
273 169 233 305 280
274 478 363 367 838
275 340 282 383 395
276 215 214 355 284
277 319 171 170 320
278 202 201 318 285
279 377 376 277 287
280 308 180 179 309
281 222 221 330 289
282 296 315 165 190
283 378 374 274 291
284 443 410 421 440
285 243 242 341 293
286 301 326 167 210
287 379 373 283 295
288 517 411 423 439
289 186 185 313 312
290 184 311 313 185
291 475 380 392 456
292 391 392 300 299
293 233 232 300 305
294 380 375 280 305
295 412 422 441 444
296 385 849 473 377
297 474 378 386 457
298 472 379 387 458
299 375 367 353 280
300 410 406 285 318
301 201 200 306 318
302 302 307 388 385
303 377 287 302 385
304 309 394 416 308
305 279 349 369 381
306 863 469 869 486
307 182 310 348 183
308 288 308 416 427
309 404 400 312 313
310 221 220 314 330
311 389 386 303 315
312 386 378 291 303
313 316 317 393 413
314 276 350 370 382
315 468 370 362 476
316 406 446 453 401
317 170 270 433 320
318 321 322 204 203
319 323 322 397 502
320 357 433 270 324
321 324 207 206 357
322 412 408 293 341
323 242 241 325 341
324 390 387 304 326
325 387 379 295 304
326 365 364 355 327
327 329 356 384 396
328 471 372 364 479
329 407 445 452 402
330 188 271 434 332
331 333 334 224 223
332 335 334 398 504
333 359 434 271 336
334 336 227 226 359
335 297 312 400 437
336 870 871 405 409
337 340 395 414 339
338 282 351 371 383
339 363 470 867 371
340 408 447 454 403
341 208 272 435 343
342 344 345 245 244
343 346 345 399 503
344 358 435 272 347
345 347 248 247 358
346 409 405 311 348
347 349 278 361 369
348 350 275 362 370
349 351 281 363 371
350 366 362 275 352
351 367 363 281 353
352 361 278 354 368
353 364 372 284 355
354 356 284 372 384
355 273 228 360 436
356 863 486 369 361
357 468 484 382 370
358 471 487 384 372
359 482 373 379 472
360 847 374 378 474
361 480 376 377 473
362 416 495 488 427
363 493 490 413 393
364 854 494 570 491
365 415 492 489 426
366 645 587 649 703
367 638 581 646 697
368 305 300 392 380
369 613 663 600 546
370 639 582 647 698
371 849 385 388 555
372 392 391 497 456
373 486 869 381 369
374 493 393 382 484
375 395 383 466 494
376 465 396 384 487
377 315 296 418 389
378 374 847 481 366
379 326 301 419 390
380 430 292 319 429
381 401 321 285 406
382 331 431 418 296
383 407 402 333 289
384 342 432 419 301
385 408 403 344 293
386 299 298 417 391
387 483 841 475 861
388 424 421 306 286
389 438 442 420 427
390 425 422 325 294
391 426 423 314 290
392 515 520 450 453
393 452 513 519 449
394 454 514 521 451
395 522 684 455 880
396 348 310 420 409
397 318 306 421 410
398 446 512 515 453
399 330 314 423 411
400 341 325 422 412
401 447 879 514 454
402 427 420 310 288
403 498 418 431 519
404 490 851 424 413
405 414 395 494 854
406 492 415 396 465
407 495 416 394 467
408 876 518 839 512
409 510 872 445 517
410 495 551 845 488
411 428 338 337 508
412 400 404 448 571
413 442 438 509 870
414 429 319 320 505
415 450 397 401 453
416 431 331 332 507
417 449 398 402 452
418 432 342 343 506
419 451 399 403 454
420 424 851 440 421
421 439 489 565 517
422 441 491 563 882
423 567 500 498 874
424 439 423 426 489
425 544 566 555 388
426 564 440 851 490
427 568 501 499 545
428 441 422 425 491
429 622 569 617 704
430 519 607 874 498
431 517 445 407 411
432 459 520 682 544
433 410 443 446 406
434 545 499 521 683
435 412 444 447 408
436 571 460 428 508
437 400 571 508 437
438 455 448 404 405
439 507 504 398 449
440 505 502 397 450
441 506 503 399 451
442 457 556 552 474
443 849 555 553 837
444 883 884 559 458
445 572 516 509 580
446 391 417 496 497
447 528 462 546 600
448 850 553 555 566
449 552 858 616 619
450 457 386 389 500
451 614 865 557 603
452 458 387 390 501
453 459 430 429 520
454 526 581 530 476
455 528 584 531 478
456 527 582 529 477
457 463 368 376 480
458 471 852 537 487
459 464 365 373 482
460 602 532 583 651
461 859 596 610 860
462 548 539 595 829
463 542 597 609 864
464 468 476 530 540
465 469 863 477 529
466 470 363 478 531
467 867 470 531 485
468 852 471 479 853
469 472 458 559 482
470 525 464 533 592
471 837 553 561 534
472 527 463 534 593
473 560 474 552 619
474 526 461 535 594
475 550 483 861 524
476 462 528 478 838
477 853 525 587 536
478 473 849 837 480
479 560 481 847 474
480 461 840 366 481
481 841 483 462 838
482 484 468 540 873
483 867 466 383 371
484 869 469 543 467
485 845 621 558 488
486 438 427 488 558
487 632 695 607 578
488 630 685 855 606
489 631 693 605 576
490 465 868 547 492
491 549 493 484 873
492 539 548 494 466
493 467 543 551 495
494 870 509 516 871
495 569 875 562 885
496 512 446 443 876
497 881 444 511 866
498 872 573 578 513
499 574 576 866 511
500 524 554 598 550
501 567 874 604 858
502 444 441 882 511
503 605 568 545 683
504 443 440 518 876
505 452 445 872 513
506 682 520 515 577
507 523 562 496 460
508 492 547 846 489
509 846 625 565 489
510 570 494 548 626
511 570 623 563 491
512 493 549 844 490
513 844 624 564 490
514 455 684 523 448
515 880 871 516 522
516 460 571 448 523
517 456 497 554 524
518 811 251 791 746
519 533 464 482 559
520 587 645 599 536
521 535 461 481 560
522 581 638 589 530
523 534 463 480 837
524 582 639 590 529
525 546 462 483 550
526 584 640 588 531
527 551 543 542 864
528 469 529 590 543
529 538 859 873 540
530 539 485 541 595
531 541 485 531 588
532 641 651 583 599
533 587 525 592 649
534 582 527 593 647
535 581 526 594 646
536 537 536 599 583
537 532 487 537 583
538 596 643 835 610
539 831 642 691 709
540 485 539 466 867
541 538 589 596 859
542 642 541 588 640
543 597 644 836 609
544 543 590 597 542
545 613 546 550 598
546 414 854 491 425
547 561 615 620 612
548 458 501 557 883
549 884 883 618 608
550 875 569 622 862
551 856 653 842 601
552 575 839 518 586
553 500 567 556 457
554 591 510 517 565
555 501 568 603 557
556 574 511 882 585
557 509 438 558 580
558 615 561 553 850
559 516 572 579 522
560 686 631 635 700
561 685 630 636 699
562 440 564 586 518
563 688 632 637 701
564 577 839 630 606
565 878 850 566 877
566 632 578 573 637
567 631 576 574 635
568 568 605 693 603
569 885 684 617 569
570 497 875 862 554
571 549 860 627 844
572 547 602 628 846
573 510 591 573 872
574 551 864 629 845
575 429 505 450 520
576 431 507 449 519
577 432 506 451 521
578 687 670 704 633
579 843 676 825 669
580 585 882 563 623
581 618 865 674 667
582 665 620 615 694
583 576 605 683 866
584 577 606 877 682
585 577 515 512 839
586 607 519 513 578
587 579 617 684 522
588 621 845 629 673
589 572 634 633 579
590 689 643 638 697
591 690 644 639 698
592 705 641 692 741
593 691 642 640 702
594 624 844 627 672
595 630 839 575 636
596 641 599 645 692
597 589 638 643 596
598 540 530 589 538
599 590 639 644 597
600 533 559 884 608
601 692 645 703 740
602 534 561 612 593
603 611 535 560 619
604 643 689 708 835
605 644 690 707 836
606 601 598 554 862
607 741 692 740 798
608 584 528 600 650
609 862 622 856 601
610 617 579 633 704
611 625 846 628 677
612 532 602 547 868
613 858 604 857 616
614 649 592 658 721
615 592 533 608 658
616 623 570 626 671
617 594 656 710 646
618 594 535 611 656
619 647 593 657 712
620 648 663 613 842
621 693 664 614 603
622 686 664 693 631
623 694 606 855 665
624 604 695 666 857
625 666 695 632 688
626 710 656 718 755
627 712 657 719 756
628 648 824 706 663
629 580 558 621 652
630 745 729 686 700
631 586 564 624 655
632 814 776 701 720
633 591 565 625 662
634 829 680 626 548
635 679 610 835 660
636 679 627 860 610
637 602 651 678 628
638 681 609 836 659
639 681 629 864 609
640 636 575 586 655
641 635 574 585 654
642 654 585 623 671
643 637 573 591 662
644 634 572 580 652
645 620 675 668 612
646 262 743 737 264
647 261 742 738 266
648 263 744 739 265
649 723 722 678 651
650 725 680 736 768
651 595 541 642 831
652 724 679 660 735
653 726 681 659 734
654 697 748 737 689
655 657 593 612 668
656 698 749 738 690
657 842 653 824 648
658 650 600 663 713
659 740 703 758 790
660 747 713 746 791
661 640 584 650 702
662 662 625 677 720
663 652 711 696 634
664 653 856 670 834
665 834 727 823 714
666 654 715 700 635
667 655 716 699 636
668 611 843 669 656
669 697 646 710 748
670 698 647 712 749
671 608 618 667 658
672 717 721 658 667
673 673 629 681 726
674 672 627 679 724
675 671 626 680 725
676 829 595 831 661
677 662 720 701 637
678 713 663 706 746
679 664 674 865 614
680 620 665 848 675
681 857 676 843 616
682 857 666 832 676
683 761 758 721 717
684 749 712 756 792
685 748 710 755 793
686 843 611 619 616
687 622 704 670 856
688 687 633 634 696
689 728 774 757 830
690 819 730 822 820
691 655 624 672 716
692 652 621 673 711
693 728 830 674 729
694 667 674 830 717
695 833 730 675 848
696 668 826 719 657
697 832 733 821 731
698 825 718 656 669
699 677 628 678 722
700 817 731 821 818
701 705 723 651 641
702 720 677 722 753
703 828 660 835 708
704 716 672 724 751
705 671 725 715 654
706 827 659 836 707
707 711 673 726 750
708 521 514 879 683
709 523 684 885 562
710 689 737 743 708
711 690 738 742 707
712 691 739 744 709
713 695 604 874 607
714 696 777 727 687
715 699 775 732 685
716 729 745 774 728
717 701 776 733 688
718 713 747 702 650
719 721 758 703 649
720 268 762 741 798
721 706 824 714 815
722 764 742 261 802
723 766 735 767 787
724 768 736 769 788
725 709 736 661 831
726 748 793 264 737
727 812 711 750 807
728 749 792 266 738
729 823 816 815 714
730 834 670 687 727
731 777 696 711 812
732 715 752 745 700
733 813 716 751 806
734 757 761 717 830
735 718 825 731 817
736 809 254 793 755
737 826 730 819 719
738 810 250 792 756
739 814 720 753 805
740 773 759 776 814
741 705 741 762 723
742 763 723 762 786
743 771 760 775 813
744 661 736 680 829
745 757 774 772 785
746 770 754 777 812
747 729 674 664 686
748 833 732 822 730
749 775 699 716 813
750 832 666 688 733
751 732 833 855 685
752 827 764 734 659
753 765 734 764 789
754 828 767 735 660
755 766 751 724 735
756 709 744 769 736
757 725 768 752 715
758 739 691 702 747
759 267 798 740 790
760 268 252 786 762
761 789 764 802 256
762 262 800 767 743
763 804 769 744 263
764 754 770 796 781
765 760 771 794 783
766 745 752 772 774
767 759 773 795 784
768 816 823 754 781
769 747 791 265 739
770 726 734 765 750
771 779 807 750 765
772 794 806 780 258
773 782 772 752 768
774 763 753 722 723
775 795 805 778 257
776 777 754 823 727
777 818 821 759 784
778 818 784 809 817
779 820 822 760 783
780 820 783 810 819
781 808 255 267 790
782 790 758 761 808
783 776 759 821 733
784 775 760 822 732
785 757 785 808 761
786 742 764 827 707
787 779 259 796 807
788 743 767 828 708
789 787 767 800 249
790 772 782 260 785
791 788 769 804 253
792 751 766 780 806
793 753 763 778 805
794 778 763 786 252
795 779 765 789 256
796 780 766 787 249
797 803 781 796 259
798 811 781 803 251
799 782 768 788 253
800 801 783 794 258
801 250 810 783 801
802 799 784 795 257
803 254 809 784 799
804 785 260 255 808
805 771 813 806 794
806 773 814 805 795
807 770 812 807 796
808 817 809 755 718
809 819 810 756 719
810 815 811 746 706
811 811 815 816 781
812 714 824 653 834
813 731 825 676 832
814 826 668 675 730
815 855 833 848 665
816 838 367 375 841
817 842 613 598 601
818 536 537 852 853
819 544 682 877 566
820 858 552 556 567
821 549 873 859 860
822 861 475 456 524
823 865 618 883 557
824 444 881 879 447
825 853 479 464 525
826 869 467 394 381
827 455 405 871 880
828 875 497 496 562
829 877 606 694 878
830 615 850 878 694
831 866 683 879 881
832 868 465 487 532