 1 12  1 13 17
 2 11 12 17 19
 3  9 10 20 26
 4 18 22 23 15
 5 18 14 16 22
 6  3 16 14  2
 7 19 15 26 20
 8  2 14 13  1
 9 16  3  4 22
10  7  8 21 25
11 26 21  8  9
12 24 23  5  6
13 18 15 19 17
14 18 17 13 14
15 10 11 19 20
16 15 25 21 26
17 22  4  5 23
18  6  7 25 24
19 15 23 24 25
  20    6  148  165  152
  21   42  354  365   41
  22  214  272  161  152
  23  241  239  288  289
  24  149  163    9    8
  25  153  155    1   12
  26   98  172  173   97
  27   97  173  184   96
  28  210  271  164  147
  29  213 1115  162  151
  30  210  147  157  262
  31  189   86   87  188
  32  201   80   81  192
  33    8  143  159  149
  34  309  308  221  222
  35  257  258   60   61
  36  215  148  158  267
  37  144  158    5    4
  38  565  563  475  468
  39  575  573  461  473
  40    2  145  157  147
  41  369  133  134  376
  42  497  395  396  504
  43  229  219  168  170
  44   93  185  179   92
  45  146  156   11   10
  46  129   51 1107   50
  47   51   52  457 1107
  48  440  334  333  439
  49  439  333  261  332
  50  256  327  328  257
  51  509  397  415  523
  52  280  270  208  265
  53  256  257   61   62
  54  434  435  328  327
  55   41  365  355   40
  56  354   42   43  359
  57  207  143  161  272
  58   39  350  356   38
  59  165 1113 1114  273
  60    5  158  148    6
  61 1122  215  267  282
  62   32  357  352   31
  63  366   30   31  352
  64  212  144  162  269
  65 1115  387  269  162
  66  147  164    3    2
  67  450  339  338  548
  68  371  139  140  379
  69  372  138  139  371
  70  373  137  138  372
  71  658  661  570  675
  72  128  369  456  127
  73   70  130   71  200
  74  200   71   72  199
  75  199  198  220  393
  76  196  195  222  221
  77  221  246  197  196
  78  223  245  194  193
  79  321  425  428  322
  80  321  322  251  250
  81  201  192  244  225
  82  254  255   63   64
  83  206  150  163  270
  84  258  259   59   60
  85  259  260   58   59
  86   56   57  261  333
  87   55   56  333  334
  88   54   55  334  335
  89  335  349   53   54
  90  353 1107  457  562
  91  131  110 1106  109
  92  109 1106  167  108
  93  427  320  167 1106
  94  180  107  108  167
  95  181  106  107  180
  96  106  181  182  105
  97  169  183  230  217
  98  183  103  104  216
  99  169  102  103  183
 100  213 1123  283 1115
 101  168  100  101  170
 102  100  168  171   99
 103  173  172  218  236
 104   99  171  172   98
 105   95  175  176   94
 106  154  166  153   12
 107   92  179  202   91
 108  211  154  156  266
 109  291  290  249  226
 110  187   89   90  186
 111   85  177  174   84
 112  784  623  624  695
 113   84  174  190   83
 114  209  146  160  264
 115   83  190  191   82
 116  208  149  159  265
 117   79  178  193   78
 118   78  193  194   77
 119  195   76   77  194
 120  196   75   76  195
 121  197   74   75  196
 122   73  198  199   72
 123  128  132  133  369
 124  127  456  445  126
 125  483  484  375  374
 126  124  125  443  338
 127  685  582  584  678
 128  338  339  123  124
 129  479  486  379  377
 130  281 1148  391 1123
 131  213  151  164  271
 132  204  145  155  263
 133  396  395  313  317
 134  313  302  219  229
 135  167  320  228  180
 136  342  337  112  113
 137  110  111  427 1106
 138  143    8    7  161
 139    7    6  152  161
 140  151    4    3  164
 141  145    2    1  155
 142  150   10    9  163
 143  793  700  701  795
 144  214  152  165  273
 145  253  254   64   65
 146   82  191  192   81
 147   10  150  160  146
 148    4  151  162  144
 149  463  465  350  355
 150  154   12   11  156
 151   91  202  186   90
 152   89  187  203   88
 153  214  273  284  272
 154  370   28   29  360
 155  163  149  208  270
 156  255  256   62   63
 157  217  229  170  169
 158 1132  210  262 1152
 159  148  215 1113  165
 160  273 1114  392  284
 161  205  153  166 1117
 162  170  101  102  169
 163  402  401  298  301
 164  105  182  216  104
 165  286  318  216  182
 166  302  299  231  219
 167  218  231  299  300
 168   96  184  175   95
 169  177   85   86  189
 170  294  293  247  233
 171  292  291  226  248
 172   94  176  185   93
 173  188   87   88  203
 174  239  241  188  203
 175  252  253   65   66
 176  178   79   80  201
 177  295  294  233  238
 178  447  346  343  453
 179  315  426  235  228
 180  228  235  181  180
 181  118  119  345  341
 182  298  296  232  237
 183  232  238  176  175
 184  203  187  249  239
 185  226  249  187  186
 186  174  177  234  242
 187  224  223  193  178
 188  192  191  243  244
 189  225  224  178  201
 190  418  307  308 1153
 191   68  250  251   67
 192  425  321  393  220
 193  198  197  246  220
 194  197  198   73   74
 195   69  319  250   68
 196   70  200  319   69
 197  238  233  185  176
 198  233  247  179  185
 199  241  240  189  188
 200  157  145  204 1116
 201  205  263  155  153
 202 1108  166  154  211
 203  150  206 1109  160
 204 1146 1120  284  530
 205  143  207 1111  159
 206  265  159 1111 1112
 207  365  354  471  472
 208  156  146  209  266
 209  264  160 1109 1110
 210  262  157 1116  383
 211  158  144  212  267
 212  380  142   27  378
 213   37  367  358   36
 214 1113  285 1121 1114
 215  182  181  235  286
 216  336  348  120  121
 217  402  516  507  401
 218  172  171  231  218
 219  171  168  219  231
 220  557  651  656  556
 221  195  194  245  222
 222  306  311  225  244
 223  227  243  191  190
 224  388 1119  280  496
 225  186  202  248  226
 226  190  174  242  227
 227  242  234  297  305
 228  114  115  343  346
 229  302  313  395  405
 230  490  493  394  426
 231  175  184  237  232
 232  403  404  294  295
 233  177  189  240  234
 234  287  297  234  240
 235  320  429  315  228
 236  184  173  236  237
 237  275  381  263  205
 238  290  291  409  410
 239  276 1133  209  264
 240  290  288  239  249
 241  243  227  304  303
 242  428  425  307  418
 243 1128 1129  268 1108
 244  202  179  247  248
 245  211  279 1128 1108
 246  407  409  291  292
 247  393  321  250  319
 248  220  246  307  425
 249   66   67  251  252
 250  222  245  310  309
 251  308  307  246  221
 252  397  398  311  306
 253  414  416  304  305
 254  535  534  525  620
 255  257  328  329  258
 256   44  362  359   43
 257  435  436  329  328
 258   57   58  260  261
 259  259  330  331  260
 260  435  540  541  436
 261 1125  204  263  381
 262  205 1117 1127  275
 263 1120  207  272  284
 264  567  672  669  565
 265   30  366  360   29
 266  268 1117  166 1108
 267  279  211  266 1134
 268  378   27   28  370
 269  255  326  327  256
 270  206 1119  277 1109
 271  210 1132  281  271
 272  591  419  498  595
 273   34  351  368   33
 274  296  295  238  232
 275 1116  274 1126  383
 276  293  292  248  247
 277  264 1110  382  276
 278  399  414  305  297
 279  420 1153  308  309
 280 1109  277 1118 1110
 281  469  462  568  567
 282 1112 1111  278  494
 283  386 1134 1133  276
 284  265 1112  384  280
 285  258  329  330  259
 286  229  217  317  313
 287  212  269  282  267
 288  377  141  142  380
 289 1115  283 1124  387
 290 1122  282  390 1151
 291   33  368  357   32
 292  341  344  117  118
 293  318  286  394  424
 294  240  241  289  287
 295  515  520  410  409
 296  400  399  297  287
 297  611  515  514  612
 298  407  514  515  409
 299  404  408  293  294
 300  783  626  696 1209
 301  406  403  295  296
 302  401  406  296  298
 303  237  236  301  298
 304  399  506  508  414
 305  301  300  413  402
 306  299  302  405  417
 307  236  218  300  301
 308  217  230  316  317
 309  503  413  417  501
 310  303  306  244  243
 311  305  304  227  242
 312  506  600  602  508
 313  287  289  412  400
 314  324  253  252  323
 315  224  225  311  314
 316  245  223  312  310
 317  421  423  312  314
 318  322  428  430  323
 319  254  325  326  255
 320  325  254  253  324
 321  523  415  416  512
 322  314  312  223  224
 323  419  396  317  316
 324  306  303  415  397
 325  344  347  116  117
 326  336  446  454  348
 327  318  230  183  216
 328  393  319  200  199
 329  320  427  337  429
 330  111  112  337  427
 331  323  252  251  322
 332  418 1153  525  534
 333  314  311  398  421
 334  434  327  326  433
 335  326  325  432  433
 336  637  539  538  635
 337  470  471  354  359
 338  362   44   45  363
 339  260  331  332  261
 340   47  458  364   46
 341  543  645  438  437
 342   49  353  464   48
 343  121  122  340  336
 344  548  338  443  561
 345  122  123  339  340
 346  426  315  533  490
 347  113  114  346  342
 348  346  447  451  342
 349  337  342  451  429
 350  115  116  347  343
 351  455  557  556  448
 352  119  120  348  345
 353  341  448  452  344
 354  340  444  446  336
 355  349  335  441  442
 356   52   53  349  457
 357  350   39   40  355
 358  351   34   35  361
 359  361   35   36  358
 360  353   49   50 1107
 361  436  437  330  329
 362   38  356  367   37
 363  639  732  641  540
 364  563  564  466  475
 365  473  467  571  575
 366  462  469  358  367
 367  363   45   46  364
 368  619  725  726  621
 369  681  755  752  666
 370  458  549  459  364
 371  438  544  332  331
 372  458   47   48  464
 373  434  539  540  435
 374  671  760  756  668
 375  466  467  357  368
 376  463  472  589  581
 377  469  468  361  358
 378  135  375  376  134
 379  374  136  137  373
 380  481  479  377  380
 381  379  140  141  377
 382 1246 1247  700  702
 383  371  379  486  478
 384  482  574  572  477
 385  339  450  444  340
 386  136  374  375  135
 387  477  483  374  373
 388  370  360  476  487
 389  578  574  482  478
 390  461  476  360  366
 391  485  481  380  378
 392 1125  381 1135  274
 393 1127  489 1140  275
 394  388 1137  277 1119
 395  274 1135  488 1126
 396  494  278  389 1147
 397  489 1127  385  628
 398  279 1143 1142 1128
 399  276  382 1145  491
 400  391  636  283 1123
 401  496  280  384  786
 402  389  278 1120 1146
 403  530  284  392  642
 404 1122 1151 1139  285
 405 1132 1152 1148  281
 406  426  394  286  235
 407  451  552  531  429
 408  493  498  424  394
 409  455  345  348  454
 410  524  423  421  500
 411  410  411  288  290
 412  400  511  506  399
 413  406  510  518  403
 414  501  594  593  503
 415  717  611  612  718
 416  789 1199 1209  696
 417  395  497  505  405
 418  401  507  510  406
 419  408  407  292  293
 420  519  614  612  514
 421  613 1176  520  515
 422  410  520  521  411
 423  511  610  600  506
 424  289  288  411  412
 425  417  413  300  299
 426  416  415  303  304
 427  605  509  523  603
 428  405  505  501  417
 429  309  310  422  420
 430  490  618  592  493
 431  310  312  423  422
 432  431  324  323  430
 433  725  810  814  726
 434  432  325  324  431
 435  856 1239  817  818
 436  430  534  535  431
 437  424  316  230  318
 438  428  418  534  430
 439  423  524  529  422
 440  500  421  398  499
 441  537  538  433  432
 442  538  539  434  433
 443  470  460  579  583
 444  436  541  542  437
 445  331  330  437  438
 446  362  363  480  460
 447  459  480  363  364
 448  439  332  544  545
 449  440  439  545  546
 450  440  441  335  334
 451  546  547  441  440
 452  562  442  649  590
 453  457  349  442  562
 454  125  126  445  443
 455  478  482  372  371
 456  484  526  376  375
 457  444  560  559  446
 458  558  454  446  559
 459  453  343  347  449
 460  449  347  344  452
 461  448  341  345  455
 462  555  449  452  551
 463  551  452  448  556
 464  550  561  443  445
 465  627  531  552  654
 466  592  618  716 1191
 467  595  498  493  592
 468  526  456  369  376
 469  460  470  359  362
 470  366  352  473  461
 471  367  356  474  462
 472  355  365  472  463
 473  464  353  562  590
 474  590  649  689  549
 475  465  474  356  350
 476  368  351  475  466
 477  564  571  467  466
 478  352  357  467  473
 479  351  361  468  475
 480  568  673  672  567
 481  902  829  867 1105
 482  542  541  643  735
 483  541  540  641  643
 484  471  470  583  588
 485  674 1218 1194  757
 486  566  569  474  465
 487  586  585  481  485
 488  373  372  482  477
 489  584  582  486  479
 490  734  543  644 1221
 491  576  459  549  689
 492 1174 1015 1084 1076
 493  526  550  445  456
 494  526  484  661  550
 495  487  485  378  370
 496  487  476  580  587
 497  652  657  742  741
 498  573  580  476  461
 499  631 1144  785  693
 500  722  819  808  813
 501  386  276  491  623
 502  382 1130  690 1145
 503 1118  492 1136 1130
 504 1169  632 1137  388
 505  447  553  552  451
 506 1112  494  630  384
 507  634  389 1146  781
 508 1128 1142  495 1129
 509  610  720  712  600
 510  505  497  597  598
 511  504  396  419  591
 512  498  419  316  424
 513  499  398  397  509
 514  604  593 1246  702
 515  383 1126  625  502
 516 1247 1246  593  594
 517  413  503  516  402
 518  597  497  504  699
 519  511  400  412  522
 520  507  609  599  510
 521  499  601  596  500
 522  414  508  512  416
 523 1231  710 1263 1232
 524  518  607  616  517
 525  522  412  411  521
 526  610  511  522  617
 527  390  282  513 1155
 528  387 1124  633  513
 529  514  407  408  519
 530  519  408  404  517
 531  515  611  717  613
 532  503  593  604  516
 533  517  404  403  518
 534  599  607  518  510
 535 1193  790  811  807
 536  697 1144  495 1156
 537  420  528  525 1153
 538  620  525  528  621
 539  528  420  422  529
 540 1124  527 1150  633
 541 1148 1162 1055  391
 542  529  619  621  528
 543  606  524  500  596
 544  781 1146  530 1167
 545  642  392 1131  640
 546  315  429  531  533
 547  532 1138 1131 1121
 548  390 1155  979  638
 549  536  431  535  728
 550  536  537  432  431
 551  635  538  537  536
 552  639  540  539  637
 553  460  480  577  579
 554  543  437  542  644
 555  576  577  480  459
 556  544  438  645  646
 557  646  648  545  544
 558  648  650  546  545
 559  442  441  547  649
 560  458  464  590  549
 561  484  483  570  661
 562  557  455  454  558
 563  553  447  453  554
 564  554  453  449  555
 565  708 1191  819  722
 566  591  595  708  722
 567  554  655  653  553
 568  794  700  793  836
 569  764  677  676  754
 570  560  444  450  647
 571  558  652  651  557
 572  647  450  548  665
 573  572  570  483  477
 574  550  661  658  561
 575  565  669  670  563
 576  571  668  667  575
 577  468  469  567  565
 578  465  463  581  566
 579  569  568  462  474
 580  662  674  569  566
 581 1217  673  674  757
 582  666  752  749  664
 583  769  647  665  765
 584  478  486  582  578
 585  559  657  652  558
 586  896  869  833 1102
 587 1221  644  822  892
 588  663  745  743  662
 589  657  559  560  736
 590  679  589  588  687
 591  587  664  676  586
 592  479  481  585  584
 593 1022 1178 1160 1072
 594  643  641  733  821
 595  581  663  662  566
 596  677  585  586  676
 597  587  586  485  487
 598  664  749  754  676
 599  580  666  664  587
 600  589  679  663  581
 601  472  471  588  589
 602  627  490  533  531
 603 1220  705  704 1197
 604  594  501  505  598
 605  656  651  744  748
 606  601  499  509  605
 607  732  639  731  816
 608  699  504  591  722
 609  516  604  609  507
 610  691  812  622 1141
 611  603  523  512  608
 612  711  605  603  714
 613  601  709  707  596
 614  508  602  608  512
 615 1136  782  690 1130
 616  701  700 1247 1258
 617  524  606  619  529
 618 1141  622 1135  381
 619  706 1233 1263 1259
 620  521  615  617  522
 621  797 1233  798  839
 622  628  385  631  693
 623  614  519  517  616
 624  789  628  693  718
 625  386  623  692  629
 626  599 1227 1220  607
 627  521  520 1176  615
 628  796 1184  704  705
 629  618  490  627  716
 630  654  552  553  653
 631  635  536  728  729
 632  728  535  620  727
 633  713  606  596  707
 634  621  726  727  620
 635 1135  622 1154  488
 636 1141 1140  626  691
 637  623  491 1145  624
 638  488 1154  774 1149
 639  696  489  628  789
 640  719  723  616  607
 641 1129  631  385  268
 642 1164  613  717  785
 643  495 1142  629 1156
 644  786  384  630  828
 645  494 1147  777  630
 646  693  785  717  718
 647  492 1137  632  776
 648 1074  527  636 1017
 649  389  634  787 1147
 650  283  636  527 1124
 651  625  778 1162  502
 652 1139 1151 1157  698
 653  907  979  950  978
 654  532 1139  698 1138
 655  637  730  731  639
 656  766  679  687  768
 657  683  579  577  680
 658  645  543  734  646
 659  648  646  739  737
 660  665  548  561  658
 661  576  738  680  577
 662  650  863  547  546
 663  547  863  689  649
 664  737  740  650  648
 665  736  560  647  769
 666  678  584  585  677
 667  655  554  555  659
 668  659  555  551  660
 669  716  627  654  747
 670 1279 1272 1268  703
 671 1033 1046 1051 1013
 672  556  656  660  551
 673  741  744  651  652
 674  675  765  665  658
 675  572  682  675  570
 676  793  837  875  836
 677  687  588  583  688
 678  745  663  679  766
 679  666  580  573  681
 680  681  573  575  667
 681 1178 1000  978  950
 682  668  571  564  671
 683  671  564  563  670
 684  929  999  896 1102
 685  673  568  569  674
 686  672  758  763  669
 687  777  922  828  630
 688  682  572  574  684
 689  684  574  578  686
 690 1225  998 1002 1026
 691  825  742  657  736
 692  579  683  688  583
 693  861  680  738  740
 694  686  578  582  685
 695  864  825  736  769
 696  930  939 1285  956
 697  678  753  761  685
 698  880  881  908 1257
 699  735  822  644  542
 700  624 1145  690  824
 701  607 1220 1197  719
 702 1170  724 1192 1171
 703  642  640  694  815
 704 1138  788  640 1131
 705 1215  712 1186  798
 706  489  696  626 1140
 707  790  629  692  811
 708 1138  698  833  788
 709  907  870  638  979
 710  716  747  819 1191
 711  597  703 1268  598
 712  597  699  792  703
 713  913  939  901 1283
 714 1163  774  834  840
 715  604  702  715  609
 716  699  722  813  792
 717  660  656  748  751
 718  705 1220 1227  715
 719  800  796  705  715
 720  709  804  799  707
 721  602  600  706 1259
 722  709  601  605  711
 723  816  731  817 1239
 724  595  592 1191  708
 725 1182  746 1189  747
 726 1265  714  603  608
 727  848 1266  806  849
 728 1265  710  805  714
 729  844  839  798 1186
 730  610  617 1211  720
 731 1186  712  807  857
 732  707  799  802  713
 733  606  713  725  619
 734  906  877  860  872
 735  702  700  794  801
 736  747  654  653 1182
 737 1209 1199  612  614
 738  809 1175  723  719
 739 1196  723 1175  783
 740 1199  789  718  612
 741 1192  617  615 1176
 742  811  692  857  807
 743 1170  790 1193  724
 744 1192 1176  721 1171
 745 1211  724 1193  720
 746  842  727  726  814
 747  729  728  727  842
 748  729  730  637  635
 749  804  709  711 1280
 750  910 1260  931 1257
 751  733  641  732  820
 752  786  826  775  496
 753  739  646  734  893
 754 1172  632 1169  791
 755  680  861  770  683
 756  863  738  576  689
 757  738  863  650  740
 758  735 1250  859  822
 759  874  795  835  887
 760  894  864  921  969
 761  773  686  685  761
 762  927 1165  949  976
 763  874 1283  901  837
 764  768  687  688  771
 765 1270  890  915 1284
 766  655  659  750  746
 767  903  876  875 1274
 768 1083 1267 1103 1038
 769  751  750  659  660
 770  681  667 1203  755
 771  780  950  979 1155
 772 1165  828  922  949
 773  662  743 1218  674
 774  675  682  767  765
 775  753  678  677  764
 776 1283  874  887 1276
 777 1021 1245 1038 1103
 778 1202 1203  667  668
 779  833  698  870 1102
 780  756  760  831  869
 781  787  827  777 1147
 782 1217  758  672  673
 783  832  871  815  694
 784  668  756 1179 1202
 785 1201  762  832  760
 786  788  833  869  831
 787  684  772  767  682
 788  669  763 1200  762
 789  827  787  829  866
 790  771  688  683  770
 791  772  684  686  773
 792 1066  920  894  969
 793  821  890 1270 1250
 794 1224  739  893  918
 795  825  864  894  862
 796  984  953  956  987
 797  969  921  943  968
 798 1149  774 1163  823
 799  796  800  838  840
 800  776 1158 1136  492
 801 1017 1055 1180  974
 802  873 1163  840  838
 803 1079 1150  779 1161
 804  905 1198  945  897
 805  633  780 1155  513
 806 1159 1158 1173  899
 807  824  690  782  860
 808  691  626  783 1175
 809  692  623  784  857
 810 1186  857  784  844
 811  697 1164  785 1144
 812  867  634  781 1167
 813  829  787  634  867
 814  694  640  788  831
 815  790 1170 1156  629
 816  924  775  826  900
 817  799  843  845  802
 818 1189  808  819  747
 819  703  792 1261 1279
 820  928  823  897  945
 821  792  813  853 1261
 822 1002  980  984 1005
 823 1166  834  774 1154
 824 1233  797 1232 1263
 825  706 1215  798 1233
 826  807  712  720 1193
 827  865  830  824  860
 828  817  731  730  818
 829  801  800  715  702
 830  873  878  905  897
 831  876 1264  836  875
 832  802  845  850  810
 833  713  802  810  725
 834  719 1197  803  809
 835  849  805  846  882
 836  880  843 1266  848
 837 1213  797  839  865
 838  804 1280  806 1266
 839  806  714  805  849
 840  824  830  695  624
 841  886  941  912  885
 842  691 1175  809  812
 843  812 1166 1154  622
 844  818  842  814  856
 845  832  694  831  760
 846 1200  871  832  762
 847  820  732  816  855
 848  818  730  729  842
 849  810  850  852  814
 850  886  851  808 1189
 851  931 1260 1238  884
 852  821  733  820  858
 853  855 1281  858  820
 854  735  643  821 1250
 855  892  822  859 1251
 856 1229 1221  892 1230
 857  625 1149  823  928
 858  946  977  925  927
 859  898  951  949  922
 860  866  926  898  827
 861  826  786  828  891
 862 1167  815  871  867
 863  866  829  902  926
 864  784  695  830  844
 865  638  870  698 1157
 866  869  896 1179  756
 867  809  803 1166  812
 868 1184  796  840  834
 869  885 1243  851  886
 870  835  795 1272 1278
 871  932  904  903 1252
 872  837  793  795  874
 873  887  835 1278 1244
 874  920  944  862  894
 875  800  801  847  838
 876  879  841 1264  876
 877 1213  877  846 1231
 878  803 1184  834 1166
 879  801  794  841  847
 880  843  799  804 1266
 881  993  947  975 1004
 882  844  830  865  839
 883  868  888 1239  856
 884  805  710 1231  846
 885  934  911  906  872
 886  848  883  881  880
 887  860  782 1159  872
 888  813  808  851  853
 889 1237 1029 1236  988
 890  856  814  852  868
 891 1261  853 1244 1278
 892 1172  854  776  632
 893  915  942  965 1284
 894  915  858 1281  889
 895  868  852  850 1238
 896 1256  935  960  959
 897  973 1251 1271 1014
 898  865  860  877 1213
 899  895  740  737  919
 900  971  862  944 1013
 901  742  825  862  971
 902  864  769  765  921
 903  921  765  767  943
 904  972  895  919  982
 905  884  845  843  880
 906  896  999  759 1179
 907  871 1200 1105  867
 908  882  846  877  906
 909 1163  873  897  823
 910  838  847  878  873
 911 1276 1243 1269  914
 912  955  933 1222  980
 913  879  904  905  878
 914  879  878  847  841
 915  876  903  904  879
 916  935  909  937  960
 917  883  848  849  882
 918  882  906  911  883
 919  872 1159  899  934
 920  850  845  884 1238
 921  914 1269  938  957
 922  941  746  750  991
 923 1244 1243 1276  887
 924  888  889 1281  855
 925 1239  888  855  816
 926  900  826  891 1190
 927 1251  973 1230  892
 928 1270  917  859 1250
 929  918  982  919 1224
 930  893  734 1221 1229
 931 1253  895  972 1254
 932 1224  919  737  739
 933  951  992  976  949
 934  908  881  909  935
 935 1172  923 1187  854
 936 1181  925 1185  948
 937 1181  948 1190  891
 938  954  962  989  916
 939  901  939  930 1274
 940  837  901 1274  875
 941  933  955  961 1177
 942 1274  930 1252  903
 943  932 1222  933 1198
 944  999  929 1041 1210
 945 1260  888  868 1238
 946  909  881  883  911
 947  958  937  934  899
 948  954 1275 1260  910
 949  884  880 1257  931
 950 1276  914  913 1283
 951  930  956  953 1252
 952  938 1269  912  964
 953  913  940 1285  939
 954  858  915  890  821
 955  889  916  942  915
 956  889 1275  954  916
 957  936  908  935 1256
 958  917 1271 1251  859
 959 1028 1014 1271 1009
 960  740  895 1253  861
 961 1066  969 1076 1205
 962  943  767  772 1168
 963  922  777  827  898
 964 1206 1187  923  970
 965  970  791  924  947
 966  924  791 1169  775
 967  924  900 1190  947
 968  927  925 1181 1165
 969  926  981  951  898
 970  976  992  995 1019
 971  778  625  928  952
 972  978 1041  929  907
 973  870  907  929 1102
 974  940  913  914  957
 975 1252  953 1222  932
 976  952 1177  961  974
 977 1198  933 1177  945
 978 1187 1206  958  899
 979  911  934  937  909
 980  975  947 1190  948
 981  962  936 1256  959
 982  908  936  910 1257
 983  964  912  941  991
 984  991 1010 1237  964
 985 1039 1026 1042 1214
 986  940  985  963 1285
 987  941  886 1189  746
 988 1216 1228  902 1105
 989 1228  757  926  902
 990 1037 1018 1057 1065
 991  968  943 1168 1174
 992 1068  971 1013 1051
 993  920 1066 1223  967
 994  952  928  945 1177
 995 1035  996  946 1019
 996 1255  990 1007 1044
 997  960  994  986  959
 998 1018  977  946  996
 999  942  916  989  965
1000  633 1072 1160  780
1001 1245  978 1000 1052
1002  926  757 1194  981
1003  745 1086 1023  743
1004  952  974 1180  778
1005 1285  963  987  956
1006  888 1260 1275  889
1007  954  910  936  962
1008  980 1222  953  984
1009  985  940  957 1006
1010  988  938  964 1237
1011 1046 1033 1104 1027
1012  962 1024 1007  989
1013  960  937  958  994
1014  994  958 1206  993
1015  983  961  955  998
1016 1003  987  963  985
1017  948 1185  997  975
1018  965  990  966 1284
1019 1277 1032 1014 1030
1020  966  917 1270 1284
1021  944  920  967 1012
1022  984  987 1025 1005
1023 1207 1183  773  761
1024  791  970  923 1172
1025  741  742  971 1068
1026  861 1253 1254  770
1027 1254  972 1011 1273
1028 1229 1053  918  893
1029 1053 1229 1230  973
1030  778 1180 1055 1162
1031  959  986 1024  962
1032 1185  925  977  997
1033  992 1001 1023  995
1034  946  927  976 1019
1035 1044 1037 1065 1255
1036 1021 1041  978 1245
1037 1001  992  951  981
1038  982 1032 1011  972
1039 1017 1008 1048 1074
1040  998  955  980 1002
1041  988 1236  957  938
1042 1043 1104 1050 1062
1043  994  993 1004  986
1044 1235 1236 1029 1063
1045  965  989 1007  990
1046  991  750  751 1010
1047 1023 1001 1218  743
1048  993 1206  970  947
1049 1092 1064 1057 1018
1050 1092 1018  996 1035
1051 1016 1020 1039 1034
1052  999 1210 1212  759
1053 1008 1020 1016 1048
1054 1024  986 1004 1226
1055 1001  981 1194 1218
1056 1025  987 1003 1043
1057 1188 1082 1070 1038
1058 1006 1027 1003  985
1059 1012  967 1031 1050
1060 1013  944 1012 1033
1061 1044 1007 1024 1226
1062  983 1204  974  961
1063 1071 1064 1092 1058
1064 1009  966  990 1255
1065  751  748 1045 1010
1066 1010 1045 1029 1237
1067 1273 1054  768  771
1068 1069 1234 1085 1262
1069 1051 1063 1078 1068
1070 1014 1032 1053  973
1071  753 1087 1207  761
1072 1082 1075 1073 1097
1073 1020  983  998 1225
1074  636  391 1055 1017
1075  997  977 1018 1037
1076 1036 1035 1019  995
1077 1081 1058 1092 1035
1078 1026 1002 1005 1040
1079 1097 1090 1096 1094
1080 1249 1021 1103 1267
1081 1041 1248  752 1210
1082 1075 1060 1079 1161
1083 1056 1061 1034 1059
1084 1081 1086  745  766
1085 1226 1004  975  997
1086 1043 1003 1027 1104
1087 1040 1005 1025 1043
1088 1050 1031 1069 1062
1089 1236 1235 1006  957
1090 1235 1063 1051 1046
1091 1030 1064 1071 1277
1092 1049 1031  967 1223
1093 1096 1100 1095 1094
1094 1053 1032  982  918
1095 1034 1061 1048 1016
1096 1039 1020 1225 1026
1097  995 1023 1086 1036
1098 1058 1081  766  768
1099 1037 1044 1226  997
1100 1028 1065 1057 1047
1101 1090 1097 1073 1195
1102 1052 1000 1178 1022
1103 1042 1026 1040 1080
1104 1040 1043 1062 1080
1105 1248 1041 1021 1249
1106 1240 1085 1093 1099
1107  748  744 1078 1045
1108 1027 1006 1235 1046
1109 1014 1028 1047 1030
1110  779 1074 1048 1061
1111 1223 1066 1205 1049
1112 1240 1099 1101 1219
1113 1033 1012 1050 1104
1114 1091 1262 1085 1240
1115  744  741 1068 1078
1116 1245 1052 1188 1038
1117 1282 1011 1032 1277
1118 1059 1034 1039 1214
1119 1081 1035 1036 1086
1120 1071 1058  768 1054
1121 1095 1089 1083 1094
1122 1080 1062 1069 1262
1123 1049 1205 1067 1234
1124 1052 1022 1060 1188
1125 1060 1022 1072 1079
1126 1073 1075 1161 1056
1127 1063 1029 1045 1078
1128 1064 1030 1047 1057
1129 1255 1065 1028 1009
1130 1076  969  968 1174
1131 1084 1067 1205 1076
1132 1234 1069 1031 1049
1133  754 1267 1083 1089
1134 1282 1277 1071 1054
1135 1056 1059 1195 1073
1136 1195 1077 1219 1090
1137  527 1074  779 1150
1138 1214 1077 1195 1059
1139 1080 1262 1091 1042
1140 1072  633 1150 1079
1141 1075 1082 1188 1060
1142 1083 1038 1070 1094
1143 1208 1098 1084 1015
1144 1088 1087  753  764
1145 1093 1067 1084 1098
1146 1208 1207 1087 1241
1147 1089 1088  764  754
1148 1101 1096 1090 1219
1149 1240 1219 1077 1091
1150 1042 1091 1077 1214
1151 1067 1093 1085 1234
1152 1161  779 1061 1056
1153 1100 1099 1242 1241
1154 1088 1089 1095 1087
1155 1097 1094 1070 1082
1156 1101 1099 1100 1096
1157 1093 1098 1242 1099
1158 1087 1095 1100 1241
1159  763 1216 1105 1200
1160 1111  207 1120  278
1161  285 1113  215 1122
1162  274 1116  204 1125
1163 1127 1117  268  385
1164 1118  277 1137  492
1165 1110 1118 1130  382
1166 1119  206  270  280
1167 1121  285 1139  532
1168 1114 1121 1131  392
1169 1123  213  271  281
1170 1126  488 1149  625
1171 1129  495 1144  631
1172  269  387  513  282
1173 1152  262  383  502
1174  266  209 1133 1134
1175 1134  386 1143  279
1176 1157 1151  390  638
1177  381  275 1140 1141
1178 1143  386  629 1142
1179 1152  502 1162 1148
1180 1169  388  496  775
1181 1136 1158 1159  782
1182 1158  776  854 1173
1183 1164  697 1171  721
1184  721 1176  613 1164
1185 1181  891  828 1165
1186 1167  530  642  815
1187 1168  772  773 1183
1188 1170 1171  697 1156
1189 1173  854 1187  899
1190 1174 1168 1183 1015
1191  950  780 1160 1178
1192 1202 1179  759 1203
1193  653  655  746 1182
1194 1184  803 1197  704
1195 1017  974 1204 1008
1196  617 1192  724 1211
1197 1209  614 1196  783
1198  614  616  723 1196
1199 1198  905  904  932
1200 1201  760  671  670
1201 1203  759 1212  755
1202 1008 1204  983 1020
1203  670  669  762 1201
1204 1015 1183 1207 1208
1205 1210  752  755 1212
1206 1215  706  600  712
1207 1216  763  758 1228
1208 1217  757 1228  758
1209  797 1213 1231 1232
1210 1098 1208 1241 1242
1211  853  851 1243 1244
1212 1269 1243  885  912
1213 1258 1247  594  598
1214  752 1248 1249  749
1215  608  602 1259 1265
1216 1227  599  609  715
1217 1263  710 1265 1259
1218 1264  841  794  836
1219  749 1249 1267  754
1220  795  701 1268 1272
1221  771  770 1254 1273
1222 1271  917  966 1009
1223 1268  701 1258  598
1224 1054 1273 1011 1282
1225 1278 1272 1279 1261
1226 1280  711  714  806