  1  52  67  24  25
  2  52  41 175  96
  3  41   1   2  85
  4  39  22  66  51
  5   4  86  54  27
  6  28  55  49   5
  7 144 137 123 130
  8 177  55  43  73
  9  83   9  31  58
 10 179  68 140 122
 11  44  10  11  79
 12  44  79 104  98
 13  12  60  59  32
 14  77 169  61  47
 15  34  15  61  46
 16  71  77  47  62
 17  42  48  17  36
 18   6  43  55  28
 19  80  64  19  20
 20  20  38  50  80
 21  38  21  65  50
 22  22  23  87  66
 23   1  41  52  25
 24  84   3  27  54
 25  43   6  29  56
 26   8  88  81   7
 27  10  44  58  31
 28 195 192 108 101
 29  60 164  45 168
 30  45 164 165 167
 31 166  72 167 165
 32  74  48  42  76
 33  18  37  82  63
 34 112  74  76 183
 35  65  69  78  50
 36  85   2  26  53
 37  53  26   3  84
 38  36  18  63  42
 39  56  29   7  81
 40  79  11  32  59
 41  14  34  46 166
 42  75 168  45 181
 43  15  35  47  61
 44 169  77 151 149
 45  35  16  62  47
 46  16  17  48  62
 47  76  42  63  94
 48 194 117 135 125
 49   5  49  86   4
 50  21  39  51  65
 51  69  65  51 173
 52  67  89  40  24
 53  70 101 110  91
 54  95  85  53  99
 55  99  53  84 176
 56 112 183 198 130
 57  43  56 178  73
 58  90  81  88 150
 59  57  30   9  83
 60  83 179  92  57
 61  68  58  44  98
 62 104  79  59 180
 63  60  12  33 164
 64 167  72 181  45
 65  82 171  94  63
 66  37  19  64  82
 67  89  87  23  40
 68 175  41  85  95
 69  74  71  62  48
 70 173  51  66  97
 71  97  66  87 174
 72  91  86  49  70
 73  49  55 177  70
 74 185 102 194 115
 75  81  90 178  56
 76  90 192 195 178
 77 187 161  75 153
 78 180 168  75 161
 79 102  78  69 107
 80 183  76  94 124
 81 131 151 100 123
 82  80 172  93  64
 83 185 172  78 102
 84  88   8  30  57
 85 150  88  57  92
 86  97 174 106 120
 87 174  87  89 106
 88 150  92 191 108
 89 159 148 163 160
 90 176  84  54 113
 91  86  91 113  54
 92 146 134 105 187
 93  93 172 185 109
 94 184 171  93 109
 95  99 176 114 142
 96 118 116 101 108
 97  52  96 121  67
 98 186 173  97 120
 99  89  67 121 106
100 133 193 138 136
101  72 170 182 103
102 100  71  74 112
103 101  70 177 195
104  69 173 186 107
105 161  98 104 180
106 103 162 181  72
107 168 180  59  60
108 162 153  75 181
109  68  98 105 140
110 119 106 121 188
111 188 111 189 119
112 109 185 115 132
113 171 184 124  94
114 127 113  91 110
115 120 117 107 186
116 111  96 175  95
117 198 183 124 132
118 114 176 113 127
119 110 101 116 139
120 136 142 114 133
121 115 194 125 197
122 102 107 117 194
123 156 119 189 129
124 114 127 190 133
125 108 191 128 118
126 106 119 156 120
127 188 121  96 111
128 108 192  90 150
129 134 122 140 105
130 131 123 137 143
131 123 100 112 130
132 120 156 135 117
133 135 147 141 125
134 196 118 128 126
135 196 139 116 118
136 134 128 191 122
137 152 128 134 146
138 136 138 129 189
139 144 130 198 197
140 131 143 149 151
141 109 132 124 184
142 115 197 198 132
143 190 127 110 139
144 138 158 147 129
145 179 122 191  92
146 141 155 199 144
147 111 142 136 189
148 153 162 159 160
149 193 139 196 145
150 157 155 158 145
151 137 144 199 148
152 190 139 193 133
153 142 111  95  99
154 149 143 103 182
155 141 144 197 125
156 193 145 158 138
157 155 157 154 199
158 146 187 153 160
159 147 135 156 129
160 143 137 148 159
161 151  77  71 100
162  98 161 187 105
163 103 143 159 162
164 148 199 154 163
165 157 145 196 126
166 158 155 141 147
167 163 152 146 160
168 154 157 152 163
169 126 128 152 157
170 164  33  13 165
171  14 166 165  13
172 166  46 170  72
173 182 170 169 149
174  46  61 169 170
175 171  82  64  93
176 172  80  50  78
177 179  83  58  68
178  73 178 195 177
 179  744 1459  699  375
 180  375  799  850  900
 181  374  801  842  896
 182 1498  955  877  959
 183  959  877  822 1512
 184 1129 1039  371 1190
 185  816  951 1519 1032
 186  871  865  948  391
 187  783  835 1050  368
 188  793  846  888  367
 189  846 1495  978  888
 190 1150  784  364  902
 191  364  792  852  902
 192 1052  972  890  384
 193  362  785  837  890
 194  879  823  961  383
 195  873  817  953  382
 196 1450 1131 1491 1185
 197  819  957 1036 1486
 198  357  779  831  875
 199  378  964  831  884
 200  777  848 1472  355
 201  742  718  376  806
 202  243  244  741  718
 203  718  741  812  376
 204  244  245  719  741
 205  349  719  740  811
 206  398  418 1073 1553
 207  400 1312 1284 1256
 208 1334 1256 1284 1626
 209 1365 1293 1587 1332
 210 1257 1293 1532 1326
 211 1169 1069 1541 1536
 212 1178 1206 1170  405
 213  618  604   13   33
 214   34   14  593  596
 215  604  618  774  406
 216  582  618   33   12
 217  582  581  760  348
 218 1475  883  760 1467
 219  347  200  695  679
 220 1443  679  695  372
 221  201  202  680  694
 222  202  203  693  680
 223  370  692  681 1454
 224  692  370 1190  693
 225  207  208  682  690
 226 1454  681  691  800
 227  690  682  844  369
 228  619  367  783  658
 229  214  215  655  620
 230  367  619  657  793
 231  366 1044  980  898
 232  784  654  621  364
 233  363 1045  972 1138
 234  785  650  623  361
 235  220  221  651  622
 236  223  224  649  623
 237  648  625  786  360
 238  786  625  647 1085
 239  228  229  624  646
 240  226  227  647  625
 241  646  624 1165  359
 242  626  357  781  644
 243  234  235  627  642
 244  626  643  779  357
 245  356  642  627 1042
 246  628  354  777  640
 247  240  241  743  639
 248  351 1060  985  912
 249  248  249  738  720
 250  440 1024 1099 1108
 251 1167 1066 1119  443
 252 1433 1423  451 1628
 253 1331 1355 1361 1389
 254 1005 1604 1157 1219
 255  502  872  866  949
 256  526  787  629  677
 257  677  283  284  676
 258  675  286  287  674
 259  527 1046  981  899
 260  674  631  788  528
 261  788  529  903  864
 262  947  466  841  506
 263  585  612   25   24
 264  586  585   24   40
 265  586   40  615  466
 266  608  465  776  615
 267  895  976  841  776
 268  981 1484 1087  899
 269  942 1029  864  903
 270  250  251  737  721
 271  920  809  441  911
 272  442  996 1071 1119
 273 1590 1338  450 1250
 274 1325 1629 1435  492
 275 1389  460 1402 1331
 276  952 1033  872  502
 277  683  279  280  700
 278  700  280  281  678
 279  706  271  272  705
 280  519  802  843  897
 281  860  804  496  906
 282 1022  714  716  456
 283  456  716  732  804
 284  260  261  711  732
 285  723  901  496  711
 286  709  685  797  518
 287  708  268  269  707
 288  707  269  270  684
 289  802  520 1011  843
 290  956 1496 1041 1101
 291  498 1101 1041 1199
 292 1202 1137  499 1096
 293 1262 1377 1240 1248
 294 1204 1225  449 1055
 295 1071  996  449 1225
 296  862  911  441  810
 297  441  729  735  810
 298  256  257  733  722
 299  353 1057  982  908
 300  258  259  716  714
 301  457 1194 1147  928
 302  493 1196 1240 1377
 303 1196 1110  458 1240
 304 1571 1606 1590 1242
 305 1055  449  908  982
 306  495 1105  982 1057
 307  937 1105  495 1022
 308  261  262  723  711
 309  265  710  264  337
 310  684  706 1444  520
 311  705  686  798  521
 312 1038  500 1514  821
 313  459 1096 1162 1607
 314 1262 1248 1202 1281
 315  704  274  275  703
 316  703  687  523 1189
 317 1183 1130 1141  501
 318  460 1573 1233 1402
 319  687  276  277  702
 320  687  702 1455  523
 321  631  288  289  673
 322  631  673  529  788
 323  530 1028  853  795
 324  839  773  467  892
 325   26    2  589  602
 326  609  468  926  589
 327  671  292  293  670
 328 1133 1139  973 1053
 329  468 1021  943  926
 330  592  595 1468  767
 331  771 1461  548  925
 332  580    6   28  616
 333  605  614  770  569
 334    8  605  590   30
 335  600    9   30  590
 336  610  588  857  408
 337  610  408  775  611
 338  581   32  611  407
 339 1129 1184  393 1039
 340 1095 1254  414 1201
 341 1584 1072  997 1558
 342  807  555  863  921
 343 1025  725  750  540
 344  807  749  724  555
 345  324  325  724  749
 346  555  724  748  813
 347 1558  997  910  909
 348 1599 1195 1557 1109
 349 1201 1136  394 1095
 350 1039  393 1512  822
 351 1615 1161 1014 1543
 352 1095 1161 1615 1254
 353 1330  412 1291 1354
 354 1339 1398 1659 1353
 355  556 1120 1065  932
 356  921  939  540  807
 357  478 1059  984  913
 358  322  323  750  725
 359 1192 1146  541 1112
 360  352 1107  984 1059
 361  477  727  753  814
 362  726  754  815  517
 363  755  726  517  808
 364  659  310  311 1460
 365  312  313  756 1460
 366  554 1243 1203 1061
 367  661  307  308  660
 368  778  633  659  539
 369  538  778  849 1482
 370 1148 1118 1122 1176
 371 1619 1311 1283  474
 372 1370 1594 1335  481
 373  545 1407 1392 1367
 374 1275 1160  546 1490
 375  562  833  887  770
 376  758  881  833  562
 377  562  583  580  758
 378  989  771  925 1479
 379 1427 1419  550 1494
 380 1366 1294  472 1333
 381 1017 1562 1163 1274
 382  965  832  885  515
 383  634  306  307  661
 384  538 1482  963 1043
 385 1048  515  885  963
 386  314  315  726  755
 387  316  317  727  754
 388  327  328  728  747
 389  350 1058  983  909
 390  578 1023  936 1106
 391 1084 1109 1064 1012
 392  394 1136 1040 1498
 393 1201 1247 1528 1136
 394  330  331  717  715
 395  805  861  916  417
 396  842  801  373 1010
 397 1040 1200  395 1102
 398  333  334  713  712
 399  591   22   39  599
 400 1470  923  603 1462
 401  594   38   20  603
 402  769 1470 1462  613
 403  584  613   37   18
 404  584  579  757  448
 405  924  990 1464  772
 406  435 1452 1418 1439
 407 1396 1379 1564  421
 408 1439 1418 1549 1428
 409 1334 1626  421 1617
 410 1612 1369 1649 1410
 411 1430 1420 1401 1413
 412  445 1385 1404 1416
 413 1404 1385 1357 1423
 414 1316 1345 1416 1341
 415 1382 1384  491 1622
 416 1382 1355  490 1324
 417  855  487  761  870
 418  579   36  617  432
 419  606  433  772  617
 420  433  987  924  772
 421 1535 1426 1456 1447
 422  606   17   16 1463
 423  765  424  867  854
 424  854  433  606 1463
 425   16   35  587 1463
 426  987  867  994 1445
 427   15   34  596  601
 428   10  588  610   11
 429  588   10   31  598
 430  605    8    7  614
 431   29  583  614    7
 432    5    4  607 1461
 433  364  621  653  792
 434  343  344  688  698
 435  799  698  688  374
 436  713  334  335  744
 437  806  376  914  848
 438  858  918  812  349
 439  912  418  398  904
 440 1144 1049 1117 1149
 441 1117 1121 1545 1149
 442 1295 1127  399 1548
 443 1546 1208 1548  399
 444  378  884 1049 1144
 445 1008  379  964  378
 446 1256 1586 1164  400
 447 1097  400 1164 1016
 448 1235  380 1273  401
 449 1303 1235  401 1359
 450  957  819  875  379
 451 1486 1491 1131  358
 452 1185 1244 1525 1142
 453 1257 1563 1153 1580
 454 1089 1002 1576  403
 455 1089  403 1249 1151
 456 1285 1321 1169  403
 457  817 1034 1500  953
 458  961  823  873  382
 459 1151  961  382 1089
 460 1206 1178 1510  404
 461 1289 1124 1272 1214
 462 1124 1289 1501 1077
 463  944  405  764  927
 464  596  764 1473  601
 465  837  785  361  879
 466 1052 1077 1020  385
 467  774  348  840  894
 468  386  974  840  883
 469  852  792  363 1138
 470 1516 1054  388 1495
 471  986  999 1489  922
 472  762  409  869  857
 473  600  590  766  570
 474  770  887 1018  569
 475 1301 1094  560 1344
 476 1392 1407 1442  544
 477 1397 1370 1411 1569
 478 1393 1342 1337 1372
 479 1122 1118  931  476
 480  808  517  915  849
 481  859  919  815  477
 482  905  814  478  913
 483 1252 1228  479 1203
 484 1646 1376 1618 1267
 485  559 1598 1405 1417
 486 1561 1301 1344 1417
 487 1187 1134  568 1237
 488 1080 1126  571  935
 489  968  389 1067 1081
 490  793  366  898  846
 491  869  991  999  986
 492  408  986  922  775
 493  835  783  367  888
 494  411 1216 1229 1518
 495  572 1134 1187 1506
 496 1561 1609 1608 1315
 497 1360  558 1388  543
 498 1645 1267  542 1168
 499 1112  542 1212 1192
 500 1155 1198 1216 1091
 501 1158 1259  412 1218
 502  573 1381 1354 1291
 503 1422 1405 1358  565
 504 1348  557 1270 1360
 505 1168 1065 1120  557
 506  951  816  871  391
 507 1004 1583 1519  951
 508 1390  413 1403 1330
 509 1184 1129 1140  392
 510  850  799  374  896
 511  861  805  397  907
 512 1023  715  717  417
 513  417  717  745  805
 514  912  904  811  351
 515  611  775 1465  407
 516  410 1216 1198 1081
 517  570  766 1232  830
 518  830 1232 1288 1114
 519 1567 1091 1216  411
 520 1261 1378 1239 1247
 521 1261  414 1282  575
 522 1193 1263 1526  416
 523  417  916  936 1023
 524  440 1108  985 1060
 525 1227 1062  439 1265
 526 1306 1336 1601  419
 527 1062 1227 1073  418
 528  920  938  425  809
 529 1111  427 1213 1191
 530  428 1350 1318 1597
 531 1350 1375 1268 1318
 532  430 1503 1391 1368
 533 1493 1478 1276 1224
 534  769  448  834  886
 535 1477  882 1159  447
 536 1436 1368 1391  429
 537  446 1093 1224 1368
 538 1430 1530 1441 1420
 539 1589  437 1401 1420
 540 1276  431 1313  430
 541 1191 1145  426 1111
 542  809  736  729  441
 543  253  254  735  729
 544  442 1119 1066  933
 545  445 1416 1345 1436
 546 1502 1006 1302 1347
 547  769  886  455 1470
 548  447 1006 1502  966
 549  862  810  353  908
 550 1647 1648 1338 1399
 551 1188 1135  454 1238
 552 1079 1125  488  934
 553 1068 1522  969  504
 554  847  796  527  899
 555  992  504 1076 1000
 556  464  992  870  761
 557  597  594  768 1471
 558  454 1135 1019 1488
 559 1019 1079  934  455
 560  597   21   38  594
 561  804  860  917  456
 562 1063 1013 1517 1083
 563 1202 1248 1527 1137
 564 1063 1083 1110  457
 565  461 1292 1355 1331
 566  461 1157 1260 1292
 567 1324  490 1329 1531
 568  489 1135 1188 1531
 569 1217 1231  462 1092
 570 1217 1092 1156 1197
 571  836  787  526  889
 572  526  796  847  889
 573  487 1471  828  761
 574 1230 1287  828 1471
 575 1001  947  506  942
 576  773  609  612  467
 577  486  602  763  829
 578 1047  973 1139  530
 579  670  635  789  531
 580  838  789  532  880
 581 1290 1123 1271 1215
 582  767 1468 1172 1480
 583    4   27  592  607
 584  856  607  592  767
 585  669  295  296  668
 586  668  636  533  794
 587  824  874  511  962
 588  471 1253 1090 1154
 589 1070  485 1116 1171
 590  925  548  988 1474
 591  771  547  616 1461
 592  636  667  790  533
 593  667  298  299  666
 594  954  818 1035  512
 595 1294 1327 1258  472
 596 1419 1427  483 1380
 597 1304 1236 1274  473
 598  820 1515  958 1037
 599  637  663  536  782
 600  536  780  832  876
 601 1283 1335 1298 1163
 602  476 1554 1074 1122
 603  514  965 1009 1098
 604 1182 1128 1148  475
 605  553 1356 1305 1243
 606 1603 1337 1342  480
 607 1429 1440  550 1419
 608 1429 1547 1397 1569
 609  995  988  868  485
 610    3   26  602  595
 611   22  591  608   23
 612 1327 1294 1366  483
 613  518  797  851  901
 614  851  797  519  897
 615  960 1015  499 1496
 616  501  952 1005 1219
 617  463 1217 1197 1505
 618  975  839  507  940
 619 1021 1133 1078  943
 620  971 1271  509 1053
 621  962  511 1152  510
 622 1090 1542 1003 1154
 623 1508 1186 1236 1304
 624  513 1132 1037  958
 625  663  304  305  662
 626 1017  513  958 1534
 627  521  798  821  878
 628 1130 1038  522 1189
 629  845  866  872  524
 630  525  787  836 1051
 631  529  795  853  903
 632 1053  973  891  971
 633  531  789  838  891
 634  532  794  824  880
 635  533  790  818  874
 636 1143 1451 1132 1186
 637  638  300  301  665
 638  665  301  302  664
 639  535  782  820 1037
 640  552 1421 1411 1620
 641 1616 1431 1592 1421
 642 1317 1348 1360  543
 643 1314  545 1275 1490
 644 1392 1437 1570 1568
 645 1437 1392  544 1438
 646  352 1025 1100 1107
 647  751  730  320  321
 648  910  813  350  909
 649  556  997 1072 1120
 650 1320 1270 1652 1657
 651 1386 1358 1405 1598
 652  568  967 1007 1237
 653 1007  967  561 1094
 654 1241 1205  577 1566
 655 1251 1226  563 1205
 656 1307 1339  564 1251
 657 1422  565 1432  566
 658 1309  567 1340 1383
 659 1018 1080  935  569
 660 1134 1018  887  568
 661 1328 1506  573 1291
 662 1330 1354 1362 1390
 663 1653 1644 1282 1299
 664  578 1106  983 1058
 665  345  346  696  697
 666 1024  721  737  425
 667  239  338  240  639
 668  639  628  238  239
 669  628  640  237  238
 670  641  640  777  355
 671  642  356  779  643
 672  626  644  231  232
 673  645  644  781  358
 674  646  359 1085  647
 675  625  648  225  226
 676  791  649  648  360
 677  623  650  222  223
 678  651  650  785  362
 679  622  652  219  220
 680  792  653  652  363
 681  621  654  216  217
 682  365  655  654  784
 683  620  656  213  214
 684  656  366  793  657
 685  619  658  210  211
 686  658  689  209  210
 687  690  369  800  691
 688  681  692  204  205
 689  372  695  694  803
 690  679  696  346  347
 691  801  697  696  373
 692  698  699  342  343
 693  264  710  731  263
 694  714  733  257  258
 695  722  734  255  256
 696  810  735  734  353
 697  729  736  252  253
 698  425  737  736  809
 699  440  738  721 1024
 700  720  739  247  248
 701  811  740  739  351
 702  741  719  349  812
 703  718  742  242  243
 704  354  743  742  806
 705  339  312 1460  311
 706  310  659  633  309
 707  309  633  660  308
 708  660  538 1043  661
 709  306  634  662  305
 710  537  780  662  634
 711  637  664  302  303
 712  665  664  535 1451
 713  300  638  666  299
 714 1166 1086  666  638
 715  297  636  668  296
 716  669  668  794  532
 717  294  635  670  293
 718  671  670  531 1047
 719  291  632  672  290
 720  673  672  795  529
 721  288  631  674  287
 722  675  674  528 1046
 723  285  630  676  284
 724  527  796  676  630
 725  282  629  678  281
 726  279  683  701  278
 727  276  687  703  275
 728  704  703 1189  522
 729  273  686  705  272
 730  706  705  521 1444
 731  708  707  802  519
 732  267  685  709  266
 733  266  709  710  265
 734  340  341 1459  336
 735 1459  744  335  336
 736  712  745  332  333
 737  715  746  329  330
 738  813  748  747  350
 739  540  750  749  807
 740  725  751  321  322
 741  730  752  319  320
 742  814  753  752  478
 743  815  754  727  477
 744  539  756  755  808
 745  609  589    2    1
 746  616   28    5 1461
 747  583   29    6  580
 748    9  600  598   31
 749  611   32   11  610
 750  604  593   14   13
 751  617   36   17  606
 752   21  597  599   39
 753  615   40   23  608
 754   18   36  579  584
 755  579  432 1466  757
 756  547  758  580  616
 757   12   32  581  582
 758  581  407 1467  760
 759  618  582  348  774
 760  614  583  562  770
 761  613  584  448  769
 762  585  586  759 1469
 763  467  612  585 1469
 764  759  586  466  947
 765  601  587   35   15
 766  765  587  601 1473
 767  570  762  598  600
 768  763  926  943  469
 769  763  602  589  926
 770  605  569  766  590
 771  608  591  855  465
 772  595  592   27    3
 773  767 1480  868  856
 774  596  593  927  764
 775  768  923  934  488
 776  923  768  594  603
 777  487  599  597 1471
 778  762  570  830  409
 779  595  602  486 1468
 780   20   19 1462  603
 781  604  406  927  593
 782  612  609    1   25
 783   19   37  613 1462
 784  211  212  657  619
 785  366  656  620 1044
 786  217  218  653  621
 787  652  622 1045  363
 788  229  230  645  624
 789 1165  624  645  358
 790  232  233  643  626
 791  235  236  641  627
 792  356 1042 1103  884
 793  678  629  787  525
 794  629  282  283  677
 795  630  285  286  675
 796  673  289  290  672
 797  672  632  530  795
 798  632  291  292  671
 799  660  633  778  538
 800  537 1043  963  885
 801  635  294  295  669
 802  532  789  635  669
 803  636  297  298  667
 804  664  637  782  535
 805  637  303  304  663
 806 1166  638  665 1451
 807  628  639  743  354
 808 1103 1042  355 1472
 809  236  237  640  641
 810  233  234  642  643
 811  230  231  644  645
 812  227  228  646  647
 813  623  649  791  361
 814  224  225  648  649
 815  972 1045  362  890
 816  221  222  650  651
 817  218  219  652  653
 818  980 1044  365 1104
 819  215  216  654  655
 820  212  213  656  657
 821  689  682  208  209
 822  663  662  780  536
 823 1086  790  667  666
 824  973 1047  531  891
 825  677  676  796  526
 826  373  696  679 1443
 827  680  371  803  694
 828  205  206  691  681
 829  844  682  689  368
 830  683  700 1088  845
 831  701  683  845  524
 832  707  684  520  802
 833  684  270  271  706
 834  797  685  708  519
 835  685  267  268  708
 836  686  273  274  704
 837  522  798  686  704
 838  702  277  278  701
 839  344  345  697  688
 840  368  689  658  783
 841  206  207  690  691
 842  371  680  693 1190
 843  203  204  692  693
 844  955 1443  372  877
 845  200  201  694  695
 846  374  688  697  801
 847  699  698  799  375
 848  744  375  900  713
 849  341  342  699 1459
 850  700  678  525 1088
 851 1455  702  701  524
 852  956 1444  521  878
 853  709  518  731  710
 854  723  731  518  901
 855  496  804  732  711
 856  712  397  805  745
 857  723  262  263  731
 858  397  712  713  900
 859  746  728  328  329
 860  732  716  259  260
 861  745  717  331  332
 862  245  246  740  719
 863  351  739  720 1060
 864  249  250  721  738
 865  734  722 1057  353
 866  325  326  748  724
 867  315  316  754  726
 868  317  318  753  727
 869  350  747  728 1058
 870  478  752  730 1059
 871  495  733  714 1022
 872  254  255  734  735
 873  251  252  736  737
 874  246  247  739  740
 875  241  242  742  743
 876  578  746  715 1023
 877  326  327  747  748
 878  323  324  749  750
 879  352  751  725 1025
 880  318  319  752  753
 881  756  539  659 1460
 882  313  314  755  756
 883  882 1466  825 1478
 884  758  547  826  881
 885 1469  759  892  467
 886  827 1467  407 1465
 887  883  840  348  760
 888  599  487  855  591
 889  598  762  857  588
 890  829  763  469 1177
 891 1473  764  405 1170
 892  935 1232  766  569
 893  829 1172 1468  486
 894  768  488 1230 1471
 895  447  966  834 1477
 896  561  967  833  881
 897 1479  925 1474  549
 898  990  924  434 1458
 899  617  772 1464  432
 900  773  893  468  609
 901  406  774  894 1020
 902  922  993 1465  775
 903  466  615  776  841
 904  465  950  895  776
 905  354  806  848  777
 906  539  808  849  778
 907  831  779  356  884
 908  832  780  537  885
 909  819  781  357  875
 910  820  782  536  876
 911  817  786 1085 1034
 912  818  790 1086 1035
 913  823  791  360  873
 914  824  794  533  874
 915  821  798  522 1038
 916  816  800  369  871
 917 1454  800  816 1032
 918  822  803  371 1039
 919  910  863  555  813
 920  933  920  911  442
 921  904  858  349  811
 922  905  859  477  814
 923  865  871  369  844
 924 1033 1455  524  872
 925  360  786  817  873
 926  874  818  954  511
 927  358  781  819 1486
 928  960  878  821 1514
 929  372  803  822  877
 930  361  791  823  879
 931  432 1464  825 1466
 932 1224 1093 1159 1493
 933  826  547  771  989
 934 1509 1160 1275 1223
 935  883 1475  941  386
 936 1287 1230 1179  463
 937  464  761  828 1113
 938  470 1207 1177 1290
 939  571 1288 1232  935
 940  765 1473 1170  424
 941  875  831  964  379
 942  876  832  965  514
 943  887  833  967  568
 944  448  757 1477  834
 945  886  834  966 1488
 946  835  888 1511 1499
 947 1050  835 1499  968
 948  969  836  889  504
 949  836  969 1522 1051
 950  970  837  879  383
 951  890  837  970  384
 952  838 1513  971  891
 953  975  940  508  893
 954  852 1483  974  386
 955  977  842 1010 1012
 956  896  842  977  396
 957 1013  843 1011 1517
 958  497  897  843 1013
 959  866  845 1088 1031
 960 1495  846  898 1516
 961  888  978 1075 1511
 962  847  899  979 1076
 963  848  914  945 1472
 964  849  915  946 1482
 965  907  850  896  396
 966  900  850  907  397
 967  906  851  897  497
 968  901  851  906  496
 969 1139  508 1028  530
 970  587  765  854 1463
 971  607  856  548 1461
 972  398  930  858  904
 973  930 1026  918  858
 974  931  859  905  476
 975  931 1027  919  859
 976  497 1481  860  906
 977  928  917  860 1481
 978 1520  929  916  861
 979  996  862  908  449
 980  911  862  996  442
 981  863  556  932  921
 982  902  941 1492 1150
 983 1150 1104  365  784
 984 1484  981 1029  998
 985  948  865 1030 1524
 986  949  866 1031  503
 987  433  854  867  987
 988  988  995 1446 1474
 989  548  856  868  988
 990  408  857  869  986
 991  389  999  991 1067
 992  465  855  870  950
 993  950  870  992 1000
 994 1538 1515  514 1098
 995  499 1137 1041 1496
 996 1513  510 1271  971
 997 1466  882 1477  757
 998 1488 1019  455  886
 999 1052  385 1138  972
1000 1078 1133 1053  509
1001  892  759  947 1001
1002  839  892 1001  507
1003  893  508 1021  468
1004  893  773  839  975
1005 1020  894 1483  385
1006  976  895  505 1087
1007  505  979  899 1087
1008  941  902  852  386
1009  903  853  940  507
1010  942  903  507 1001
1011  907  396 1520  861
1012 1558 1056  563 1584
1013  556  863  910  997
1014 1062  418  912  985
1015  479 1559 1061 1203
1016  905  913 1554  476
1017  918  914  376  812
1018 1026  945  914  918
1019  919  915  517  815
1020 1027  946  915  919
1021  936  916  929  416
1022  937  917  928 1147
1023  938  920  933  426
1024  939  921  932  541
1025  993  388 1054 1476
1026  455  934  923 1470
1027 1479 1314 1490  989
1028  944  927  406 1020
1029  497 1013 1063 1481
1030 1012 1064  396  977
1031 1117  377 1523 1121
1032  377 1026  930 1523
1033  516 1027  931 1118
1034 1526 1106  936  416
1035  456  917  937 1022
1036 1105  937 1147  494
1037 1145 1099  938  426
1038  938 1099 1024  425
1039 1146 1100  939  541
1040  939 1100 1025  540
1041  387 1104 1150 1492
1042 1029  942  506  998
1043  944 1020 1077 1501
1044 1485 1103 1472  945
1045 1482  946 1048  963
1046  368 1030  865  844
1047  948 1524 1155 1091
1048  949  503 1197 1156
1049  895  950 1000  505
1050  951  391 1582 1004
1051 1005  952  502 1092
1052 1033  952  501 1141
1053  953 1500  381 1002
1054  512 1221 1003  954
1055 1443  955 1102  373
1056 1444  956 1101  520
1057 1016  957  379 1097
1058  380 1036  957 1016
1059 1014  959 1512 1543
1060  394 1498  959 1014
1061 1015  960 1514 1544
1062 1090 1152  511 1542
1063  510  880  824  962
1064 1049  884 1103 1485
1065 1043  537  634  661
1066 1009  965  515 1128
1067 1093 1006  447 1159
1068  454 1488  966 1502
1069 1030  368 1050  390
1070  525 1051 1031 1088
1071 1124  384  970 1272
1072  509 1271 1123 1078
1073 1047  530  632  671
1074  894  840  974 1483
1075  998  976 1087 1484
1076  506  841  976  998
1077  978 1495  388 1489
1078  999 1075  978 1489
1079 1000 1076  979  505
1080  980 1104 1476 1054
1081 1046  527  630  675
1082 1029  528  788  864
1083 1107 1100 1146  554
1084 1108 1099 1145  439
1085  869  409 1067  991
1086  993  922 1489  388
1087  867  424 1069  994
1088  924  987 1445  434
1089  546  826  989 1490
1090  431  825 1464  990
1091 1075  999  389 1511
1092  992  464 1068  504
1093 1465  993 1476  827
1094  423 1445  994 1321
1095  995  485 1070 1322
1096  484 1446  995 1322
1097 1610 1584  563 1226
1098 1228 1074 1554  479
1099 1522 1068 1082  503
1100  953 1002 1089  382
1101 1220 1153 1002  381
1102 1154 1003 1221 1551
1103 1582 1091 1567 1004
1104 1583 1158 1218 1585
1105 1302 1006 1093  446
1106 1007 1094 1301 1346
1107 1127 1008  378 1144
1108 1008 1181 1097  379
1109 1182 1593 1009 1128
1110 1012 1010  395 1084
1111 1517 1011  498 1083
1112 1014 1161 1095  394
1113 1222 1162 1015 1544
1114 1015 1162 1096  499
1115 1534 1579 1562 1017
1116 1274 1236  513 1017
1117 1080 1018 1134  572
1118 1079 1019 1135  489
1119 1139 1133 1021  508
1120 1026  377 1485  945
1121  946 1027  516 1048
1122  508  940  853 1028
1123 1524 1030  390 1155
1124  370 1454 1032 1140
1125  523 1455 1033 1141
1126 1450 1185 1142 1487
1127 1142 1500 1034 1487
1128 1186 1132  513 1236
1129 1141 1130 1189  523
1130 1544 1514  500 1573
1131 1140 1129 1190  370
1132 1543 1512  393 1572
1133  955 1498 1040 1102
1134 1102  395 1010  373
1135 1101  498 1011  520
1136 1042  627  641  355
1137 1044  620  655  365
1138 1045  622  651  362
1139  516 1118 1148 1128
1140  390 1050  968 1081
1141 1031 1051 1522  503
1142 1138  385 1483  852
1143  898  980 1054 1516
1144 1204 1055  494 1242
1145 1056  577 1205  563
1146  909  983 1056 1558
1147 1057  722  733  495
1148 1058  728  746  578
1149 1059  730  751  352
1150 1060  720  738  440
1151  913  984 1061 1559
1152 1063  457  928 1481
1153 1556 1557  929 1520
1154 1064 1556 1520  396
1155  541  932 1065 1112
1156  426  933 1066 1111
1157 1081 1067 1114  410
1158 1114 1067  409  830
1159 1113 1082 1068  464
1160 1321  994 1069 1169
1161 1069  424 1115 1541
1162 1171 1286 1322 1070
1163 1071 1225 1591 1173
1164 1119 1071 1173  443
1165 1610 1226 1174 1632
1166 1633 1632 1174 1211
1167  419 1073 1227 1306
1168 1553 1175 1121 1523
1169 1228 1603  480 1074
1170 1176 1122 1074  480
1171 1076  504  889  847
1172  384 1124 1077 1052
1173  469  943 1078 1123
1174 1125 1079  489 1277
1175 1126 1080  572 1278
1176 1155  390 1081 1198
1177 1110 1083 1537  458
1178 1539  415 1195 1599
1179 1085  359 1487 1034
1180  534 1035 1086 1166
1181 1151 1249 1540 1214
1182 1253 1215 1152 1090
1183  391  948 1091 1582
1184 1259 1158 1567  411
1185 1156 1092  502  949
1186 1260 1157 1604  462
1187  561  881 1160 1509
1188 1509  560 1094  561
1189 1528  415 1539 1200
1190 1537 1199 1527  458
1191  474 1283 1163 1562
1192 1105  494 1055  982
1193  577 1056  983 1106
1194 1108  439 1062  985
1195 1107  554 1061  984
1196 1476 1104  387  827
1197 1193 1557 1195 1581
1198 1556 1064 1109 1557
1199 1110 1196 1194  457
1200 1115  424 1170 1206
1201 1480 1116  485  868
1202  470 1171 1116 1207
1203 1624 1349 1167  443
1204 1175 1553 1073  419
1205 1149  399 1127 1144
1206 1125 1277 1231 1179
1207 1518 1126 1278  411
1208  571 1229 1180 1288
1209  516 1128  515 1048
1210  475 1634 1296 1182
1211  500 1038 1130 1183
1212 1500 1142 1525  381
1213 1143  512 1035  534
1214  535 1037 1132 1451
1215 1029  981 1046  528
1216 1200 1040 1136 1528
1217 1199 1041 1137 1527
1218  392 1140 1032 1519
1219  359 1165 1450 1487
1220  534 1166 1451 1143
1221  377 1117 1049 1485
1222 1557 1193  416  929
1223  383  961 1151 1214
1224 1293 1257 1580 1587
1225 1154 1551 1258  471
1226 1197  503 1082 1505
1227 1219 1157  461 1245
1228 1604 1005 1092  462
1229 1159  882 1478 1493
1230  546 1160  881  826
1231 1255  459 1607 1300
1232 1450 1165  358 1131
1233 1167  427 1111 1066
1234 1168  542 1112 1065
1235 1215 1253  470 1290
1236 1286 1171  471 1258
1237 1480 1172 1207 1116
1238  829 1177 1207 1172
1239 1173 1591 1210 1623
1240 1174  564 1651 1211
1241 1611  557 1120 1072
1242 1574 1175  419 1601
1243 1175 1574 1545 1121
1244 1209 1176  480 1342
1245  475 1148 1176 1209
1246  469 1123 1290 1177
1247 1206  404 1541 1115
1248 1501 1178  405  944
1249  828 1287 1504 1113
1250  488 1125 1179 1230
1251  410 1114 1288 1180
1252  571 1126 1518 1229
1253  400 1097 1181 1577
1254 1181 1008 1127 1295
1255 1182 1296 1579 1593
1256 1233 1219 1245 1402
1257 1585 1246 1184  392
1258  413 1572 1234 1403
1259 1235 1185 1491 1497
1260 1244 1185 1235 1303
1261  512 1143 1186 1508
1262 1187 1237 1279 1323
1263 1280 1188 1238 1560
1264 1188 1280 1324 1531
1265 1306 1227 1265  438
1266  439 1145 1191 1265
1267 1243  554 1266  553
1268  554 1146 1192 1266
1269 1566 1526 1263 1241
1270 1242  494 1264 1571
1271  494 1147 1194 1264
1272  415 1239 1581 1195
1273 1241 1263  576 1307
1274 1571 1264  493 1308
1275 1231 1217  463 1179
1276 1216  410 1180 1229
1277 1083  498 1199 1537
1278 1084  395 1200 1539
1279 1239  415 1528 1247
1280 1202 1096  459 1281
1281 1248 1240  458 1527
1282 1602 1394 1343 1575
1283 1625 1577 1548 1208
1284  450 1338 1648 1635
1285 1353 1320 1657 1651
1286 1270 1633 1211 1652
1287 1212  542 1267 1618
1288 1213  427 1318 1268
1289 1289 1510 1178 1501
1290  510 1152 1215 1271
1291 1004 1567 1158 1583
1292 1234 1184 1246 1403
1293 1246 1585 1218  412
1294 1233 1183  501 1219
1295  381 1525 1244 1220
1296 1220  402 1580 1153
1297 1551 1221  472 1258
1298  393 1184 1234 1572
1299 1183 1233 1573  500
1300  545 1367 1223 1275
1301  560 1509 1223 1367
1302  430 1368 1224 1276
1303 1225 1204 1250 1591
1304  564 1174 1226 1251
1305 1573  460 1222 1544
1306 1572  413 1615 1543
1307 1273  380 1016 1164
1308 1346 1279 1237 1007
1309  453 1560 1238 1347
1310 1238  454 1502 1347
1311 1378 1605 1600 1239
1312 1106 1526 1566  577
1313 1307 1251 1205 1241
1314 1243 1305 1252 1203
1315 1508  472 1221  512
1316  402 1220 1244 1303
1317 1247 1201  414 1261
1318 1282  414 1254 1299
1319 1281  459 1255 1325
1320 1249  403 1169 1536
1321 1250 1204 1242 1590
1322 1591 1250  450 1210
1323 1603 1228 1252 1305
1324 1253  471 1171  470
1325 1390 1254 1615  413
1326 1256 1334 1297 1586
1327  422 1532 1293 1365
1328 1259  411 1278 1328
1329 1259 1328 1291  412
1330 1277 1260  462 1231
1331 1329 1292 1260 1277
1332  575 1374 1378 1261
1333  492 1373 1377 1262
1334 1263 1193 1581  576
1335 1264 1194 1196  493
1336 1265 1191 1213  438
1337 1266 1192 1212 1618
1338 1639 1317  543 1400
1339 1213 1268 1375  438
1340 1597 1318 1349 1596
1341 1168  557 1348 1645
1342 1272  970  383 1214
1343  401 1273 1164 1586
1344  473 1274 1163 1298
1345  990 1458 1313  431
1346 1329 1277  489 1531
1347 1278  572 1506 1328
1348  567 1309 1323 1279
1349 1310 1280 1560  453
1350 1262 1281 1325  492
1351 1619  474 1296 1634
1352  482 1298 1335 1594
1353 1312  400 1577 1625
1354  423 1321 1285 1326
1355 1563 1285  403 1576
1356 1322 1286 1533  484
1357 1504 1287  463 1505
1358 1510 1289 1214 1540
1359  402 1303 1359 1332
1360  422 1535 1447 1532
1361 1304 1333  472 1508
1362  483 1427 1448 1327
1363 1577 1181 1295 1548
1364 1579 1296  474 1562
1365 1365 1564 1379  422
1366  401 1586 1297 1359
1367 1565 1380  483 1366
1368 1390 1362 1299 1254
1369 1638 1414 1655 1434
1370 1300 1389 1361 1622
1371  491 1621 1435 1629
1372 1315 1346 1301 1561
1373 1316 1302  446 1345
1374 1347 1302 1316  453
1375 1364 1333 1304  473
1376 1305 1356 1337 1603
1377 1375 1371 1630  438
1378 1339 1307 1605 1398
1379 1377 1373 1308  493
1380 1338 1590 1606 1399
1381 1383  574 1381 1309
1382  573 1323 1309 1381
1383 1324 1280 1310 1382
1384 1341 1310  453 1316
1385 1283 1311  481 1335
1386 1575 1343 1208 1546
1387 1284 1312  420 1650
1388 1458  434 1452  435
1389 1457  549 1453 1494
1390  559 1417 1344 1570
1391 1346 1315  567 1279
1392 1317 1654 1645 1348
1393 1351 1639 1400 1616
1394 1318  427 1167 1349
1395 1401 1350  428 1413
1396 1269 1627 1319  444
1397 1358 1320 1353  565
1398  558 1360 1270 1320
1399 1506 1187 1323  573
1400  490 1355 1292 1329
1401 1326 1285 1563 1257
1402 1533 1327 1448  484
1403 1258 1327 1533 1286
1404 1330 1403 1246  412
1405  461 1331 1402 1245
1406 1359 1297 1363 1332
1407  421 1369 1612 1396
1408 1630 1371 1636 1336
1409  420 1312 1343 1394
1410 1372 1337 1356 1640
1411  481 1311 1342 1393
1412 1606 1373 1641 1399
1413 1340  566 1414 1383
1414 1340  567 1315 1608
1415 1384 1341  452 1595
1416 1209 1342 1311 1619
1417 1343 1312 1625 1208
1418 1336 1636 1602 1601
1419 1345  446 1368 1436
1420  428 1597 1596 1387
1421 1371 1375  437 1614
1422 1640 1376 1646 1639
1423 1639 1646 1654 1317
1424 1635 1352 1319 1627
1425 1339 1353 1651  564
1426 1362 1354 1381  574
1427 1361 1355 1382 1622
1428 1356  553 1376 1640
1429  444 1319 1357 1385
1430 1437 1598  559 1570
1431  558 1320 1358 1386
1432 1617 1363 1297 1334
1433 1364  473 1298  482
1434  444 1385 1387 1596
1435 1388  558 1386 1438
1436 1389 1300 1607  460
1437 1362  574 1638 1299
1438 1363 1564 1365 1332
1439 1364 1565 1366 1333
1440 1395  420 1394 1637
1441  481 1393 1642 1370
1442 1395 1637 1614 1613
1443  552 1620 1372 1640
1444 1373  492 1408 1641
1445 1641 1408 1628 1399
1446 1374  575 1643 1409
1447  437 1375 1350 1401
1448 1618 1376  553 1266
1449 1640 1639 1351  552
1450 1379 1396 1428 1549
1451 1547 1429 1419 1380
1452 1384 1382 1310 1341
1453 1423 1433  452 1404
1454 1385  445 1449 1387
1455  429 1449  445 1436
1456 1406 1503 1425 1529
1457 1407 1424 1507 1521
1458 1637 1636 1371 1614
1459 1612 1410  436 1588
1460 1649 1395 1613 1410
1461 1569 1411 1421  551
1462 1369  421 1626 1649
1463 1397  482 1594 1370
1464 1631  451 1423 1357
1465 1412 1400  543 1388
1466 1416 1404  452 1341
1467 1405 1422 1608 1609
1468 1529 1439 1552 1406
1469 1530 1430  429 1391
1470 1555 1521 1440  551
1471  544 1442 1431 1412
1472 1435 1415 1408  492
1473 1433 1628 1408 1415
1474 1409 1660 1658 1659
1475 1370 1642 1620 1411
1476  552 1351 1616 1421
1477 1413  428 1387 1449
1478 1383 1414 1638  574
1479 1621 1595 1415 1435
1480 1415 1595  452 1433
1481  566 1340 1608 1422
1482 1426 1418 1452 1456
1483 1427 1494 1453 1448
1484  436 1589 1420 1441
1485 1400 1412 1431 1616
1486  565 1658 1660 1432
1487 1507 1424 1314 1457
1488  545 1314 1424 1407
1489 1529 1425  435 1439
1490  430 1313 1425 1503
1491 1456 1452  434 1445
1492 1446 1453  549 1474
1493 1588 1428 1396 1612
1494 1428 1588 1552 1439
1495 1440 1429 1569  551
1496  429 1430 1413 1449
1497  566 1432 1655 1414
1498 1643 1644 1653 1656
1499 1629 1325 1255 1300
1500 1570 1344  560 1568
1501 1598 1437 1438 1386
1502 1438  544 1412 1388
1503  436 1441 1552 1588
1504 1521 1555 1442 1407
1505 1406 1552 1441 1530
1506 1442 1555 1592 1431
1507  423 1447 1456 1445
1508 1446  484 1448 1453
1509 1447  423 1326 1532
1510 1458  435 1425 1313
1511  550 1507 1457 1494
1512 1457 1314 1479  549
1513 1475 1467  827  387
1514  941 1475  387 1492
1515 1478  825  431 1276
1516 1491 1486 1036 1497
1517 1497 1036  380 1235
1518 1496  956  878  960
1519  389  968 1499 1511
1520 1391 1503 1406 1530
1521 1505 1082 1113 1504
1522 1521 1507  550 1440
1523 1513  838  880  510
1524 1515  820  876  514
1525 1523  930  398 1553
1526 1534  958 1515 1538
1527 1549 1535  422 1379
1528 1426 1535 1549 1418
1529 1550 1540 1249 1536
1530 1593 1538 1098 1009
1531 1540 1550  404 1510
1532  954 1003 1542  511
1533  399 1149 1545 1546
1534 1546 1545 1574 1575
1535 1578 1547 1380 1565
1536 1397 1547 1578  482
1537 1550 1536 1541  404
1538 1554  913 1559  479
1539 1592 1555  551 1421
1540 1564 1363 1617  421
1541 1364  482 1578 1565
1542 1367 1392 1568  560
1543 1575 1574 1601 1602
1544 1534 1538 1593 1579
1545 1587 1580  402 1332
1546  392 1519 1583 1585
1547 1589  436 1410 1613
1548 1563 1576 1002 1153
1549 1084 1539 1599 1109
1550 1581 1239 1600  576
1551 1384 1595 1621  491
1552 1269  444 1596 1349
1553 1600 1605 1307  576
1554 1606 1571 1308 1373
1555 1222  460 1607 1162
1556 1609 1561 1417 1405
1557 1072 1584 1610 1611
1558  437 1589 1613 1614
1559 1374 1398 1605 1378
1560 1622  491 1629 1300
1561  443 1173 1623 1624
1562 1269 1349 1624 1623
1563 1650 1649 1626 1284
1564 1635 1627 1210  450
1565 1628  451 1647 1399
1566 1357 1319 1352 1631
1567 1630 1336 1306  438
1568 1648 1631 1352 1635
1569 1647  451 1631 1648
1570 1653 1299 1638 1434
1571 1623 1210 1627 1269
1572 1611 1610 1632 1633
1573 1611 1633 1270  557
1574 1634  475 1209 1619
1575 1394 1602 1636 1637
1576 1643  575 1282 1644
1577 1654 1646 1267 1645
1578 1395 1649 1650  420
1579 1642 1393 1372 1620
1580 1657 1652 1211 1651
1581 1653 1434 1655 1656
1582 1432 1660 1656 1655
1583 1656 1660 1409 1643
1584  565 1353 1659 1658
1585 1659 1398 1374 1409