  1  24   1  55 132
  2  84  64  71  87
  3   1  25  37  55
  4  45  26   4  38
  5  67   6   7  73
  6   8  39  47  28
  7  39   8   9  62
  8  66  10  11  68
  9  83 142  86  92
 10  88 135  40  81
 11  40  13  31  50
 12  51  32  16  41
 13  41  16  17  61
 14  92  86 143 155
 15  63  18  19  72
 16  77  52  63 147
 17  20  42  53  34
 18 147  63  72  85
 19  35  22  54 133
 20  25   2  44  37
 21  38   4   5  60
 22 139  67  73 140
 23  12 135  49  30
 24  83  48  66 142
 25 120 160 103 129
 26  20  21 134  42
 27  43  42 134 133
 28  22  23  64  54
 29  44   2   3  69
 30  60   5  27  46
 31  46  27   6  67
 32  62   9  29  48
 33  48  29  10  66
 34  50  31  14  65
 35  65  14  15  70
 36  61  17  33  52
 37  52  33  18  63
 38  35 133 134  21
 39 109 114 123 116
 40  43 133  54 131
 41  64  84 131  54
 42  75  69  45  59
 43  79  38  60 138
 44 138  60  46  74
 45  74  46  67 139
 46  56  47  39 141
 47  80  62  48  83
 48  70 145  76  65
 49  61  78 146  41
 50  61  52  77  78
 51  85  72  53 148
 52  57 129 103 148
 53  71  64  23  36
 54  37  44 137  82
 55  89 132  55 136
 56  91 150  87  89
 57  62  80 141  39
 58  81  40  50 144
 59  57  42  43  94
 60  58  51  41 146
 61  69  75 137  44
 62  59  45  38  79
 63  72  19  34  53
 64  70  15  32  51
 65  68  11  30  49
 66  73   7  28  47
 67  69   3  26  45
 68  97 107 105  90
 69  76 145  58 101
 70 132  71  36  24
 71  96  99  91  82
 72  56 154 139 140
 73 121 159 106 168
 74 144  50  65  76
 75 151 104 109  98
 76 108 129  57  94
 77  89 136  82  91
 78  86  68  49 143
 79 149 131  84  93
 80  87  71 132  89
 81 147  85 152 118
 82 150  95 151  93
 83 143  49 135  88
 84 155 143  88  90
 85 137 102  96  82
 86  90  88  81  97
 87  81 144 156  97
 88  93 151  98 149
 89 117 110 164 165
 90  83  92 110  80
 91  93  84  87 150
 92  98 108  94 149
 93 100  92 155 111
 94  75 157 102 137
 95 101 107  97 156
 96 129 108 116 120
 97 162 125 163 114
 98  91  99  95 150
 99 110 117 141  80
100 112  58 146 153
101 147 118 153  77
102 113  59  79 158
103 166 167 126 130
104 122 107 112 128
105 116 123 161 120
106 104 151  95 159
107 105 111 155  90
108 158 126 157 113
109 164 100 169 165
110 123 115 122 161
111  98 109 116 108
112 168 130 170 125
113 110  92 100 164
114 166 130 168 106
115 101  58 112 107
116 138 119 158  79
117  74 127 119 138
118 114 109 104 162
119 159 121 162 104
120 105 115 163 111
121 117 124 127 154
122 141 117 154  56
123 169 163 125 170
124 171 170 130 124
125 128 118 160 122
126 119 127 124 158
127 118 128 112 153
128 122 115 105 107
129 115 123 114 163
130 117 165 171 124
131 130 126 158 124
132 127  74 139 154
133 148 103 152  85
134 121 168 125 162
135  94  43 131 149
136 135  12  13  40
137 136  55  37  82
138 140  73  47  56
139 142  66  68  86
140 156 144  76 101
141 145  70  51  58
142 153 146  78  77
143 148  53  42  57
144 118 152 103 160
145 157  75  59 113
146 159  95  99 106
147  96 102 167 166
148 167 102 157 126
149 160 120 161 122
150 169 100 111 163
151  99  96 166 106
152 171 165 169 170
153 527 524 433 479
154 398 284 270 271
155 410 431 317 278
156 528 525 441 480
157 191 302 303 190
158 413 439 337 276
159 450 529 526 449
160 216 322 323 215
161 416 448 356 282
162 458 477 532 531
163 799 625 618 591
164 342 767 397 562
165 588 589 518 519
166 276 200 201 336
167 277 183 184 309
168 495 605 595 499
169 468 444 316 315
170 278 175 176 316
171 262 263 279 291
172 785 606 594 498
173 297 465 420 280
174 254 255 280 298
175 281 233 234 348
176 496 604 592 500
177 586 511 512 674
178 282 225 226 355
179 283 208 209 329
180 668 497 607 685
181 273 245 274 321
182 321 274 275 320
183 638 564 485 446
184 398 271 272 447
185 610 620 725 661
186 269 270 284 285
187 268 269 285 286
188 267 268 286 287
189 266 267 287 288
190  15 374 370  32
191 614 505 783 521
192 288 289 265 266
193 261 262 291 292
194 260 261 292 293
195 259 260 293 294
196 258 259 294 295
197 498 594 667 657
198 295 296 257 258
199 629 555 542 636
200 240 401 343 239
201 253 254 298 299
202 252 253 299 300
203 300 301 251 252
204 194 248 195 341
205 341 195 196 340
206 565 486 455 640
207 399 192 193 456
208 675 712 608 619
209 304 189 190 303
210 305 188 189 304
211 306 187 188 305
212  21 379 371  35
213 773 615 506 522
214 186 307 308 185
215 183 277 310 182
216 311 181 182 310
217 312 180 181 311
218 313 179 180 312
219 499 595 599 501
220 178 314 315 177
221 175 278 317 174
222 318 173 174 317
223 172 319 320 275
224 219 247 220 360
225 360 220 221 359
226 639 563 487 463
227 400 217 218 464
228 609 621 663 582
229 324 214 215 323
230 325 213 214 324
231 326 212 213 325
232   3 378 369  26
233 507 611 616 493
234 211 327 328 210
235 208 283 330 207
236 331 206 207 330
237 332 205 206 331
238 333 204 205 332
239 597 504 593 658
240 203 334 335 202
241 537 534 471 403
242 200 276 337 199
243 338 198 199 337
244 197 339 340 196
245 246 249 767 244
246 249 250 397 767
247 424 299 298 429
248 419 437 539 637
249 401 240 241 436
250 239 343 344 238
251 345 237 238 344
252   9 375 372  29
253 776 622 520 530
254 236 346 347 235
255 233 281 349 232
256 350 231 232 349
257 351 230 231 350
258 352 229 230 351
259 500 592 596 503
260 228 353 354 227
261 470 538 535 481
262 225 282 356 224
263 357 223 224 356
264 222 358 359 221
265 409 507 493 607
266 423 430 323 322
267   6 386 381   7
268 490 473 421 520
269  12 385 382  13
270 491 474 505 606
271 284 425 428 285
272  18 384 383  19
273 492 475 414 506
274 426 427 303 302
275  24 388 387   1
276 336 201 202 335
277 309 184 185 308
278  19 383 362  34
279 316 176 177 315
280 263 264 290 279
281  13 382 365  31
282 255 256 297 280
283 280 420 429 298
284 348 234 235 347
285   7 381 367  28
286 355 226 227 354
287 329 209 210 328
288 368   1 387 687
289 641 638 544 568
290 391  14  31 365
291 620 610 533 547
292 289 433 432 290
293 264 265 289 290
294 433 289 288 479
295 290 432 411 279
296  30 364 385  12
297 435 293 292 407
298 373  10  29 372
299 256 257 296 297
300 465 483 514 508
301 243 342 438 242
302 397 301 419 562
303 250 251 301 397
304 302 191 192 399
305 640 545 642 560
306 392  20  34 362
307 534 619 608 798
308 441 440 308 307
309 187 306 307 186
310 440 414 309 308
311  33 361 384  18
312 312 311 443 442
313 406 443 311 310
314 376  16  32 370
315 179 313 314 178
316 540 444 468 509
317 552 544 445 431
318 173 318 319 172
319 445 446 319 318
320 446 485 320 319
321 273 321 447 272
322 322 216 217 400
323 643 639 546 569
324   2  25 393 768
325 621 609 535 538
326 368 393  25   1
327 450 449 328 327
328 212 326 327 211
329 449 417 329 328
330  36 366 388  24
331 331 452 451 332
332 452 331 330 409
333 377  22  35 371
334 204 333 334 203
335 517 543 453 469
336 336 335 469 453
337 553 545 454 439
338 198 338 339 197
339 454 455 339 338
340 455 486 340 339
341 194 341 456 193
342 342 243 244 767
343 389   8  28 367
344 458 457 347 346
345 237 345 346 236
346 457 421 348 347
347  27 363 386   6
348 351 350 460 459
349 408 460 350 349
350 380   4  26 369
351 229 352 353 228
352 541 461 472 510
353 355 354 472 461
354 554 546 462 448
355 223 357 358 222
356 462 463 358 357
357 463 487 359 358
358 219 360 464 218
359 361  33  17 396
360 396  17  16 376
361 363  27   5 390
362 390   5   4 380
363 364  30  11 395
364 395  11  10 373
365 366  36  23 394
366 394  23  22 377
367 378   3   2 768
368 374  15  14 391
369 379  21  20 392
370 375   9   8 389
371 483 296 295 412
372 286 402 466 287
373 405 467 344 343
374 315 314 484 468
375 765 768 393 710
376 404 470 325 324
377 403 471 305 304
378 421 473 281 348
379 411 474 291 279
380 414 475 277 309
381 442 415 313 312
382 499 501 442 443
383 294 434 412 295
384 434 778 502 412
385 459 422 352 351
386 500 503 459 460
387 476 417 507 409
388 451 418 333 332
389 602 771 504 597
390 530 520 421 457
391 345 344 467 477
392 422 478 353 352
393 783 505 474 411
394 522 506 414 440
395 306 305 471 480
396 417 523 611 507
397 326 325 470 481
398 482 334 333 418
399 415 484 314 313
400 436 241 242 438
401 301 300 437 419
402 402 286 285 428
403 304 303 427 403
404 324 323 430 404
405 343 401 566 405
406 310 277 475 406
407 407 292 291 474
408 349 281 473 408
409 283 476 409 330
410 278 316 444 410
411 434 294 293 435
412 276 336 453 413
413 282 355 461 416
414 283 329 417 476
415 436 438 489 488
416 437 300 299 424
417 465 297 296 483
418 322 400 563 423
419 448 462 357 356
420 566 488 567 644
421 284 398 564 425
422 431 445 318 317
423 302 399 565 426
424 439 454 338 337
425 642 645 742 560
426 559 646 626 547
427 508 542 420 465
428 429 420 542 555
429 647 704 743 569
430 410 444 540 556
431 479 288 287 466
432 578 613 521 524
433 524 521 432 433
434 789 407 474 491
435 784 494 777 778
436 562 489 438 342
437 413 453 543 557
438 307 306 480 441
439 522 579 612 773
440 525 522 440 441
441 492 495 406 475
442 499 443 406 495
443 468 484 516 509
444 446 445 544 638
445 485 564 398 447
446 447 321 320 485
447 416 461 541 558
448 327 326 481 450
449 611 523 580 677
450 449 526 523 417
451 452 497 593 451
452 469 482 518 517
453 455 454 545 640
454 565 399 456 486
455 456 341 340 486
456 346 345 477 458
457 530 590 617 776
458 530 457 458 531
459 490 496 408 473
460 500 460 408 496
461 472 478 511 510
462 463 462 546 639
463 487 563 400 464
464 464 360 359 487
465 514 513 577 782
466 533 527 479 466
467 581 578 524 527
468 536 532 477 467
469 587 516 515 673
470 482 469 335 334
471 482 418 519 518
472 535 529 450 481
473 526 529 580 523
474 528 480 471 534
475 525 583 579 522
476 478 472 354 353
477 478 422 512 511
478 512 422 459 503
479 771 519 418 451
480 513 412 502 600
481 483 412 513 514
482 515 415 442 501
483 484 415 515 516
484 566 401 436 488
485 567 637 539 572
486 592 670 656 596
487 595 666 659 599
488 668 658 593 497
489 777 598 502 778
490 784 435 407 789
491 649 577 669 719
492 651 587 673 721
493 650 586 674 722
494 672 652 588 602
495 771 451 593 504
496 679 688 613 654
497 678 689 612 653
498 611 677 687 616
499 540 634 631 556
500 632 558 541 635
501 586 650 584 511
502 601 503 596 682
503 600 502 598 671
504 782 577 649 576
505 603 501 599 681
506 585 516 587 651
507 633 630 543 517
508 589 588 652 796
509 519 771 602 588
510 690 695 617 660
511 583 525 528 797
512 580 529 582 655
513 711 679 654 661
514 678 653 392 362
515 655 718 677 580
516 533 466 402 547
517 581 610 661 578
518 583 797 662 579
519 538 470 404 549
520 591 590 532 799
521 531 532 590 530
522 714 690 660 665
523 467 405 551 536
524 591 618 665 660
525 547 402 428 559
526 610 581 527 533
527 403 427 548 537
528 608 662 797 798
529 549 404 430 561
530 609 582 529 535
531 571 550 555 629
532 560 548 427 426
533 537 624 619 534
534 538 623 792 621
535 424 550 539 437
536 585 788 509 516
537 786 635 541 510
538 542 508 790 636
539 665 618 691 729
540 589 633 517 518
541 641 425 564 638
542 640 560 426 565
543 643 423 563 639
544 559 428 425 641
545 561 430 423 643
546 424 429 555 550
547 566 644 551 405
548 410 556 552 431
549 439 413 557 553
550 448 416 558 554
551 782 790 508 514
552 552 573 568 544
553 575 570 553 557
554 557 543 630 575
555 803 554 558 632
556 545 553 570 642
557 546 554 803 569
558 562 419 637 489
559 567 488 489 637
560 550 571 572 539
561 620 547 626 780
562 573 552 556 631
563 549 628 623 538
564 548 627 624 537
565 714 665 729 766
566 648 572 571 664
567 540 509 788 634
568 711 661 725 764
569 770 723 765 710
570 662 608 712 653
571 600 669 577 513
572 663 770 655 582
573 692 708 635 786
574 510 511 584 786
575 707 631 694 737
576 794 716 728 693
577 801 706 630 633
578 536 625 799 532
579 604 496 490 520
580 386 363 656 670
581 607 497 452 409
582 388 366 658 668
583 606 785 789 491
584 364 657 667 385
585 605 495 492 506
586 384 361 659 666
587 682 596 656 363
588 680 597 658 366
589 671 598 657 364
590 657 598 777 498
591 681 599 659 361
592 719 671 364 395
593 722 682 363 390
594 720 680 366 394
595 721 681 361 396
596 604 520 622 686
597 386 670 686 381
598 605 506 615 684
599 384 666 684 383
600 606 505 614 683
601 382 385 667 683
602 387 388 668 685
603 579 662 653 612
604 578 661 654 613
605 685 616 687 387
606 684 615 689 383
607 615 773 612 689
608 683 614 688 382
609 614 521 613 688
610 683 667 594 606
611 605 684 666 595
612 607 493 616 685
613 695 381 686 622
614 622 776 617 695
615 625 536 551 800
616 804 696 570 575
617 735 702 698 707
618 704 647 734 748
619 604 686 670 592
620 694 631 634 788
621 561 743 628 549
622 560 742 627 548
623 551 644 709 787
624 646 568 573 698
625 647 569 803 574
626 631 707 698 573
627 574 803 632 697
628 808 807 693 802
629 726 585 651 715
630 727 584 650 717
631 730 576 649 713
632 705 636 576 730
633 645 642 570 696
634 743 561 643 569
635 648 644 567 572
636 703 699 624 627
637 575 630 706 804
638 793 704 748 701
639 664 571 629 795
640 759 740 774 750
641 748 756 731 701
642 732 749 755 751
643 677 718 368 687
644 674 601 682 722
645 669 600 671 719
646 680 672 602 597
647 673 603 681 721
648 590 591 660 617
649 712 675 724 769
650 676 663 621 792
651 663 676 723 770
652 629 636 705 795
653 795 754 744 664
654 691 618 625 800
655 713 649 719 395
656 720 716 672 680
657 715 651 721 396
658 717 650 722 390
659 619 624 699 675
660 769 753 379 392
661 751 374 764 732
662 701 676 792 793
663 765 752 378 768
664 688 679 365 382
665 689 678 362 383
666 695 690 367 381
667 787 709 781 741
668 763 375 766 758
669 731 723 676 701
670 733 724 675 699
671 724 757 753 769
672 752 731 756 762
673 647 574 697 734
674 620 780 700 725
675 780 626 702 749
676 704 793 628 743
677 740 705 730 774
678 702 626 646 698
679 645 703 627 742
680 805 645 696 804
681 758 741 781 744
682 795 705 740 754
683 693 728 739 802
684 791 757 724 733
685 737 694 726 772
686 735 755 749 702
687 738 692 727 775
688 756 748 734 779
689 648 781 709 644
690 664 744 781 648
691 718 710 393 368
692 391 711 764 374
693 713 395 373 750
694 389 714 766 375
695 715 396 376 745
696 377 747 720 394
697 716 720 747 728
698 717 390 380 746
699 718 655 770 710
700 392 653 712 769
701 365 679 711 391
702 367 690 714 389
703 752 765 723 731
704 725 700 732 764
705 726 715 745 772
706 585 726 694 788
707 727 717 746 775
708 727 692 786 584
709 758 766 729 741
710 730 713 750 774
711 779 708 692 738
712 735 707 737 755
713 805 791 703 645
714 802 739 757 736
715 697 708 779 734
716 736 805 804 809
717 761 737 772 745
718 755 737 761 751
719 775 746 762 738
720 738 762 756 779
721 728 747 760 739
722 739 760 753 757
723 754 763 758 744
724 691 787 741 729
725 646 559 641 568
726 376 370 761 745
727 369 762 746 380
728 371 760 747 377
729 749 732 700 780
730 791 733 699 703
731 373 372 759 750
732 754 740 759 763
733 370 374 751 761
734 369 378 752 762
735 371 379 753 760
736 763 759 372 375
737 778 434 435 784
738 494 785 498 777
739 790 782 576 636
740 501 603 673 515
741 783 411 432 521
742 787 691 800 551
743 494 784 789 785
744 736 757 791 805
745 793 792 623 628
746 794 652 672 716
747 633 589 796 801
748 806 794 693 807
749 798 797 528 534
750 674 512 503 601
751 807 801 796 806
752 807 808 706 801
753 806 796 652 794
754 802 736 809 808
755 635 708 697 632
756 809 804 706 808