 1 12  1 13 17
 2 11 12 17 19
 3  9 10 20 26
 4 18 22 23 15
 5 18 14 16 22
 6  3 16 14  2
 7 19 15 26 20
 8  2 14 13  1
 9 16  3  4 22
10  7  8 21 25
11 26 21  8  9
12 24 23  5  6
13 18 15 19 17
14 18 17 13 14
15 10 11 19 20
16 15 25 21 26
17 22  4  5 23
18  6  7 25 24
19 15 23 24 25
 20 140   6 136 244
 21  50 181 182  49
 22 158 276 243 159
 23 137 252   9   8
 24  75 199 200  74
 25 288 251 175 144
 26 141 229   1  12
 27 100 218 219  99
 28 302 260 193 145
 29 208 842 230 365
 30 316 268 212 146
 31 135 269   3   2
 32 329 142 262 428
 33 250 308 201 200
 34 291 289 330 394
 35 137   8 131 254
 36  54 178 179  53
 37 242 295 183 182
 38 279 277 331 384
 39 132 246   5   4
 40 161 162  29  30
 41 332 136 246 433
 42 319 317 333 416
 43 135   2 133 271
 44 104 215 216 103
 45 259 323 220 219
 46 194  82  83 193
 47 134 262  11  10
 48  41 117  42 189
 49 189  42  43 188
 50 188 187 240 299
 51  40 300 241  39
 52 181 149 253 275
 53 155 156  37  38
 54 143 158  34  35
 55 143 235 276 158
 56  33  34 158 159
 57 335 433 246 132
 58 150 161  30  31
 59 164 245 237 165
 60 132 231 849 335
 61 151 164 130  27
 62 129 130 164 165
 63 165 166 128 129
 64 126 127 167 168
 65 125 126 168 169
 66 124 125 169 170
 67 170 171 123 124
 68  66 118  67 207
 69 207  67  68 206
 70 206 205 247 312
 71  65 313 248  64
 72 249  63  64 248
 73 199 147 274 287
 74  62 172 173  61
 75  59 144 175  58
 76 233 288 144 174
 77 293 292 350 336
 78  55 148 178  54
 79 336 337 253 293
 80 338 131 227 425
 81  51 149 181  50
 82 294 156 155 396
 83 183  48  49 182
 84 185  46  47 184
 85 186  45  46 185
 86  44 187 188  43
 87  91 119  92 226
 88 226  92  93 225
 89 225 224 256 327
 90  90 328 257  89
 91 258  88  89 257
 92 218 153 270 301
 93  87 190 191  86
 94  84 145 193  83
 95 239 302 145 192
 96  80 154 196  79
 97 232 261 196 154
 98 141  12 142 273
 99 134 228 851 339
100  76 147 199  75
101 173 172 307 263
102 201  73  74 200
103 203  71  72 202
104 204  70  71 203
105  69 205 206  68
106 120 121 842 116
107 121 122 230 842
108 171 170 285 264
109 265 168 167 283
110 166 282 283 167
111 267 113 114 286
112 112 209 210 111
113 109 146 212 108
114 266 316 146 211
115 321 320 361 340
116 105 152 215 104
117 340 341 270 321
118 342 133 229 424
119 101 153 218 100
120 191 190 322 272
121 220  98  99 219
122 222  96  97 221
123 223  95  96 222
124  94 224 225  93
125 131   8   7 227
126   7   6 140 227
127 139   4   3 269
128 133   2   1 229
129 138  10   9 252
130 136   6   5 246
131 176  57  58 175
132 134  10 138 228
133 213 107 108 212
134 132   4 139 231
135  32  33 159 160
136 142  12  11 262
137 303 304 373 343
138 796 788 828 761
139  79 196 197  78
140  35  36 157 143
141 144  59  60 174
142 174  60  61 173
143 145  84  85 192
144 192  85  86 191
145 146 109 110 211
146 211 110 111 210
147 147  76  77 198
148 198  77  78 197
149 148  55  56 177
150 177  56  57 176
151 149  51  52 180
152 180  52  53 179
153  31  32 160 150
154  27  28 163 151
155 152 105 106 214
156 214 106 107 213
157 153 101 102 217
158 217 102 103 216
159 154  80  81 195
160 195  81  82 194
161 184  47  48 183
162 275 253 337 344
163  36  37 156 157
164 367 425 227 140
165 278 160 159 243
166 277 150 160 278
167 162 236 280 163
168 162 163  28  29
169 545 455 468 541
170 165 237 282 166
171 705 729 787 914
172 127 128 166 167
173 284 169 168 265
174 113 267 209 112
175 412 390 440 507
176 115 208 286 114
177 230 171 264 365
178 122 123 171 230
179 172  62  63 249
180 202  72  73 201
181 380 449 452 348
182 228 846 426 851
183 177 176 290 289
184 251 290 176 175
185 148 177 289 291
186 234 292 179 178
187 337 447 453 344
188 397 351 295 242
189 184 183 295 296
190 399 297 296 398
191 187 186 298 240
192  45 186 187  44
193  41 189 300  40
194 190  87  88 258
195 221  97  98 220
196 301 270 341 353
197 343 459 458 378
198 260 304 194 193
199 379 424 229 141
200 197 196 261 305
201 378 458 467 404
202 522 452 449 532
203 406 356 308 250
204 202 201 308 309
205 407 408 310 309
206 205 204 311 247
207  70 204 205  69
208  66 207 313  65
209 208 115 116 842
210 265 283 387 359
211 359 360 284 265
212 211 210 315 266
213 214 213 318 317
214 268 318 213 212
215 152 214 317 319
216 238 320 216 215
217 341 448 454 353
218 419 362 323 259
219 221 220 323 324
220 420 421 325 324
221 224 223 326 256
222  95 223 224  94
223  91 226 328  90
224 154 195 303 232
225 174 173 263 233
226 178 148 291 234
227 235 143 157 255
228 255 157 156 294
229 236 162 161 279
230 279 161 150 277
231 245 164 151 281
232 215 152 319 238
233 192 191 272 239
234 296 297 185 184
235 299 366 241 300
236 241 155  38  39
237 182 181 275 242
238 140 244 853 367
239 281 151 163 280
240 346 334 281 280
241 483 388 411 509
242 334 368 245 281
243 309 310 203 202
244 312 369 248 313
245 200 199 287 250
246 370 138 252 429
247 149 180 293 253
248 920 457 474 537
249 137 254 852 371
250 324 325 222 221
251 327 372 257 328
252 219 218 301 259
253 354 403 260 302
254 348 406 250 287
255 170 169 284 285
256 210 209 314 315
257 843 231 139 376
258 376 139 269 430
259 153 217 321 270
260 456 473 546 530
261 377 135 271 432
262 446 486 514 510
263 343 378 232 303
264 379 141 273 850
265 355 374 306 305
266 147 198 306 274
267 235 255 352 381
268 472 462 382 345
269 472 894 524 543
270 345 382 243 276
271 737 631 627 878
272 450 451 368 334
273 523 515 444 483
274 347 387 283 282
275 642 560 570 643
276 360 389 285 284
277 286 208 365 390
278 233 263 357 391
279 392 471 463 393
280 471 441 525 544
281 349 392 251 288
282 180 179 292 293
283 620 738 629 537
284 242 275 344 397
285 351 398 296 295
286 186 185 297 298
287 488 399 398 498
288 366 401 437 396
289 188 299 300 189
290 299 240 401 366
291 239 272 363 402
292 304 303 195 194
293 354 443 469 403
294 198 197 305 306
295 460 475 549 925
296 249 405 307 172
297 442 485 516 511
298 356 407 309 308
299 204 203 310 311
300 487 408 407 497
301 369 410 436 405
302 206 312 313 207
303 312 247 410 369
304 347 386 495 503
305 267 412 314 209
306 266 315 388 413
307 476 466 415 414
308 444 445 375 413
309 375 414 268 316
310 217 216 320 321
311 895 906 769 672
312 258 418 322 190
313 259 301 353 419
314 362 420 324 323
315 223 222 325 326
316 489 421 420 499
317 372 423 438 418
318 225 327 328 226
319 327 256 423 372
320 142 329 845 273
321 339 428 262 134
322 289 290 393 330
323 336 457 447 337
324 277 278 383 331
325 462 479 383 382
326 136 332 848 244
327 594 518 515 604
328 317 318 415 333
329 456 448 341 340
330 350 395 465 474
331 664 852 434 861
332 131 338 847 254
333 894 472 345 381
334 349 441 471 392
335 473 361 417 464
336 271 133 342 844
337 531 633 469 443
338 435 850 273 845
339 520 453 447 529
340 235 381 345 276
341 280 236 385 346
342 455 450 334 346
343 282 237 386 347
344 287 274 380 348
345 288 233 391 349
346 292 234 395 350
347 394 478 465 395
348 484 381 352 508
349 352 255 294 439
350 439 294 396 437
351 454 448 521 924
352 302 239 402 354
353 305 261 404 355
354 357 263 307 358
355 485 357 358 559
356 358 307 405 436
357 391 442 441 349
358 388 483 444 413
359 360 359 490 491
360 320 238 417 361
361 415 466 482 333
362 363 272 322 364
363 486 363 364 562
364 364 322 418 438
365 402 446 443 354
366 440 390 365 264
367 155 241 366 396
368 399 400 298 297
369 237 245 368 386
370 346 385 468 455
371 249 248 369 405
372 409 311 310 408
373 138 370 846 228
374 371 429 252 137
375 254 847 434 852
376 258 257 372 418
377 422 326 325 421
378 304 260 403 373
379 475 355 404 467
380 274 306 374 380
381 316 266 413 375
382 377 430 269 135
383 432 271 844 649
384 261 232 378 404
385 535 458 459 540
386 382 383 278 243
387 623 908 682 749
388 236 279 384 385
389 918 554 902 542
390 386 368 451 495
391 315 314 411 388
392 503 496 387 347
393 390 412 267 286
394 264 285 389 440
395 392 393 290 251
396 393 463 480 330
397 234 291 394 395
398 619 538 553 550
399 397 506 501 351
400 493 400 399 488
401 437 401 400 493
402 240 298 400 401
403 610 915 684 760
404 602 589 685 746
405 356 500 497 407
406 492 409 408 487
407 436 410 409 492
408 247 311 409 410
409 411 314 412 507
410 414 415 318 268
411 238 319 416 417
412 590 591 510 514
413 419 505 502 362
414 494 422 421 489
415 438 423 422 494
416 256 326 422 423
417 572 379 850 658
418 574 367 853 655
419 370 429 862 573
420 427 849 231 843
421 575 376 430 661
422 579 339 851 644
423 577 371 852 664
424 578 377 432 663
425 655 853 431 864
426 576 332 433 868
427 342 854 580 844
428 833 799 771 821
429 581 335 849 648
430 582 338 425 865
431 692 823 758 736
432 583 329 428 859
433 596 522 607 679
434 584 559 563 641
435 634 561 564 639
436 586 562 565 640
437 491 588 389 360
438 442 391 357 485
439 484 517 894 381
440 446 402 363 486
441 513 451 450 533
442 518 597 534 927
443 375 445 476 414
444 336 350 474 457
445 340 361 473 456
446 449 380 374 460
447 374 355 475 460
448 348 452 504 406
449 517 512 524 894
450 344 453 506 397
451 353 454 505 419
452 385 384 461 468
453 694 933 595 917
454 464 417 416 481
455 598 521 600 686
456 687 599 922 601
457 459 343 373 470
458 470 373 403 469
459 548 540 459 470
460 535 610 617 539
461 384 331 477 461
462 461 542 541 468
463 538 919 465 478
464 416 333 482 481
465 530 521 448 456
466 478 394 330 480
467 467 458 535 539
468 510 531 443 446
469 511 525 441 442
470 518 445 444 515
471 477 331 383 479
472 619 628 688 753
473 462 472 543 551
474 463 471 544 550
475 927 476 445 518
476 560 491 490 570
477 508 352 439 561
478 493 488 564 561
479 492 487 563 559
480 494 489 565 562
481 500 356 406 504
482 498 398 351 501
483 499 420 362 502
484 359 387 496 490
485 389 588 507 440
486 513 519 495 451
487 571 496 503 566
488 527 504 452 522
489 567 497 500 558
490 568 498 501 557
491 569 499 502 556
492 511 592 589 525
493 593 786 789 683
494 528 506 453 520
495 505 454 924 526
496 496 571 570 490
497 358 436 492 559
498 561 439 437 493
499 364 438 494 562
500 588 509 411 507
501 817 689 726 717
502 668 691 644 858
503 888 646 670 763
504 450 455 545 533
505 680 693 594 604
506 484 508 585 517
507 597 518 594 693
508 466 476 927 552
509 495 519 566 503
510 754 873 822 881
511 447 457 920 529
512 876 667 764 821
513 925 532 449 460
514 695 685 589 592
515 483 509 587 523
516 908 630 912 682
517 696 598 686 799
518 505 526 556 502
519 697 596 679 798
520 504 527 558 500
521 599 687 698 616
522 506 528 557 501
523 919 538 620 537
524 601 529 618 759
525 929 464 481 555
526 913 909 739 893
527 621 915 540 548
528 532 615 607 522
529 533 609 595 513
530 700 611 624 735
531 666 583 665 707
532 626 536 909 913
533 481 482 928 555
534 709 656 672 769
535 753 688 824 768
536 874 751 691 668
537 620 538 619 753
538 665 673 772 892
539 467 539 549 475
540 633 531 606 731
541 542 461 477 918
542 737 878 767 773
543 797 789 829 898
544 902 627 541 542
545 524 512 603 543
546 525 589 602 544
547 546 473 464 929
548 547 618 529 920
549 548 470 469 633
550 802 790 931 830
551 531 510 591 606
552 550 553 480 463
553 479 462 551 630
554 466 552 928 482
555 538 478 480 553
556 929 555 926 536
557 563 487 497 567
558 560 509 588 491
559 564 488 498 568
560 565 489 499 569
561 567 637 641 563
562 568 636 639 564
563 569 635 640 565
564 703 608 694 932
565 923 596 697 712
566 516 584 704 911
567 528 599 616 557
568 639 593 585 634
569 556 613 635 569
570 514 586 689 590
571 703 706 935 608
572 571 638 643 570
573 379 572 856 424
574 707 665 892 806
575 573 650 846 370
576 657 871 674 768
577 574 865 425 367
578 866 659 715 723
579 575 652 843 376
580 656 575 661 672
581 576 659 848 332
582 783 675 777 791
583 371 577 862 429
584 677 774 781 875
585 430 377 578 661
586 778 676 771 792
587 579 859 428 339
588 724 860 650 710
589 649 844 580 756
590 581 868 433 335
591 867 427 869 669
592 582 653 847 338
593 651 670 865 574
594 583 666 845 329
595 857 701 870 678
596 584 516 485 559
597 508 561 634 585
598 586 514 486 562
599 587 509 560 642
600 592 511 516 911
601 593 512 517 585
602 526 598 613 556
603 690 708 591 590
604 558 605 637 567
605 557 616 636 568
606 604 515 523 914
607 933 519 513 595
608 609 533 545 631
609 662 576 868 675
610 527 522 596 923
611 709 840 734 656
612 622 534 597 747
613 598 526 924 521
614 600 521 530 614
615 599 528 520 922
616 529 601 922 520
617 530 546 626 614
618 663 432 649 676
619 753 768 738 620
620 825 749 682 899
621 603 632 551 543
622 705 587 642 729
623 936 638 571 566
624 828 835 831 820
625 907 760 684 841
626 615 532 925 625
627 665 583 859 673
628 566 519 608 936
629 669 714 648 867
630 545 541 627 631
631 576 662 715 659
632 535 540 915 610
633 926 555 611 750
634 555 928 624 611
635 741 578 663 886
636 536 926 612 909
637 930 717 635 613
638 549 539 625 925
639 829 836 834 823
640 744 904 779 784
641 629 547 920 537
642 577 664 719 660
643 628 619 550 921
644 719 664 875 742
645 621 548 633 731
646 811 721 841 684
647 534 622 552 927
648 780 839 822 873
649 902 623 878 627
650 554 479 630 908
651 552 622 624 928
652 625 539 617 903
653 536 626 546 929
654 578 741 716 661
655 740 715 662 889
656 824 812 724 710
657 618 547 629 891
658 630 551 632 912
659 809 766 901 733
660 831 798 765 820
661 809 797 898 763
662 876 821 771 756
663 635 717 726 640
664 718 727 639 636
665 637 712 728 641
666 640 726 689 586
667 641 728 704 584
668 706 729 934 935
669 426 846 650 860
670 647 667 856 572
671 859 579 645 673
672 730 658 855 713
673 764 667 770 882
674 427 843 652 869
675 856 667 876 854
676 668 762 761 874
677 763 670 766 809
678 669 782 780 873
679 434 847 653 863
680 692 736 646 888
681 654 675 868 581
682 431 848 659 866
683 573 862 871 657
684 435 845 666 857
685 631 737 681 609
686 890 891 629 738
687 715 740 877 723
688 837 716 741 804
689 861 677 875 664
690 720 719 742 826
691 903 784 838 743
692 701 857 666 707
693 708 745 606 591
694 747 597 693 794
695 603 683 748 632
696 865 670 646 582
697 655 864 671 711
698 750 611 700 905
699 673 645 883 884
700 880 754 881 777
701 609 681 755 595
702 876 756 580 854
703 804 778 792 757
704 713 855 678 779
705 752 607 615 743
706 880 777 675 654
707 912 733 899 682
708 512 593 683 603
709 774 834 801 793
710 647 572 658 730
711 808 796 761 762
712 600 614 699 757
713 628 921 732 688
714 833 830 931 813
715 644 691 645 579
716 724 762 668 860
717 653 736 758 863
718 766 670 651 887
719 803 794 780 782
720 917 595 755 791
721 786 727 818 789
722 616 698 718 636
723 770 667 647 721
724 704 728 785 911
725 605 923 712 637
726 930 696 813 717
727 756 771 676 649
728 885 884 765 798
729 758 774 677 863
730 614 626 913 699
731 661 716 722 672
732 735 624 622 747
733 735 803 810 700
734 707 806 838 701
735 669 869 702 782
736 734 652 575 656
737 800 885 798 679
738 807 703 932 832
739 694 608 519 933
740 729 642 643 934
741 706 819 787 729
742 815 745 882 770
743 840 810 702 734
744 657 710 650 573
745 655 711 651 574
746 816 785 728 712
747 721 647 730 841
748 648 714 654 581
749 886 663 676 778
750 727 786 593 639
751 890 720 826 891
752 720 775 660 719
753 731 815 811 621
754 893 739 776 722
755 737 773 827 681
756 671 866 723 773
757 808 812 732 746
758 817 717 813 931
759 835 816 712 697
760 807 819 706 703
761 841 730 713 907
762 746 732 921 602
763 632 748 733 912
764 734 702 869 652
765 736 653 582 646
766 749 767 878 623
767 775 738 768 674
768 750 906 612 926
769 776 739 909 612
770 897 791 777 881
771 792 771 799 686
772 826 742 805 759
773 743 615 625 903
774 903 617 744 784
775 744 617 610 760
776 731 606 745 815
777 790 802 708 690
778 788 796 685 695
779 683 789 797 748
780 700 810 840 905
781 751 874 820 765
782 607 752 800 679
783 812 824 688 732
784 873 754 714 669
785 714 754 880 654
786 791 755 896 783
787 686 600 757 792
788 898 692 888 763
789 793 805 781 774
790 762 724 812 808
791 885 800 892 772
792 900 879 825 899
793 825 872 767 749
794 671 773 767 872
795 710 657 768 824
796 895 672 722 776
797 721 811 815 770
798 806 752 743 838
799 827 896 755 681
800 660 775 674 871
801 699 837 804 757
802 694 917 916 932
803 870 784 779 678
804 795 794 693 680
805 891 826 759 618
806 742 875 781 805
807 782 702 810 803
808 889 783 896 740
809 784 870 701 838
810 785 695 592 911
811 690 590 689 817
812 787 680 604 914
813 695 785 816 788
814 801 814 698 687
815 813 696 799 833
816 793 801 687 601
817 832 822 839 807
818 680 787 819 795
819 746 685 796 808
820 830 833 821 764
821 752 806 892 800
822 745 708 802 882
823 803 735 747 794
824 699 913 893 837
825 835 828 788 816
826 932 916 897 832
827 809 733 748 797
828 621 811 684 915
829 829 789 818 836
830 718 698 814 910
831 872 725 711 671
832 900 899 733 901
833 690 817 931 790
834 820 874 761 828
835 819 807 839 795
836 758 823 834 774
837 898 829 823 692
838 872 825 879 725
839 827 773 723 877
840 802 830 764 882
841 697 798 831 835
842 832 897 881 822
843 801 834 836 814
844 836 818 910 814
845 722 716 837 893
846 780 794 795 839
847 840 709 769 905
848 907 713 779 904
849 244 848 431 853
850 648 849 427 867
851 658 850 435 855
852 644 851 426 858
853 854 342 424 856
854 857 678 855 435
855 860 668 858 426
856 861 434 863 677
857 577 660 871 862
858 866 671 864 431
859 883 645 691 751
860 884 883 751 765
861 673 884 885 772
862 887 651 711 725
863 890 738 775 720
864 900 887 725 879
865 889 662 675 783
866 906 895 776 612
867 877 740 896 827
868 886 778 804 741
869 887 900 901 766
870 902 554 908 623
871 760 907 904 744
872 905 769 906 750
873 793 601 759 805
874 791 897 916 917
875 918 477 479 554
876 537 474 465 919
877 910 818 727 718
878 921 550 544 602
879 527 923 605 558
880 930 613 598 696
881 934 643 638 935
882 935 638 936 608
883 705 914 523 587