1 11  1  5 21
2 21  5  6 20
3  2  8 22  7
4  7 22 20  6
5  8  9 23 22
6  9  3 10 23
7 22 23 21 20
8 23 10 11 21
 9  4 12 27 16
10 25 24  9  8
11 14 25  8  2
12 24 25 26 27
13  3  9 24 13
14 27 12 13 24
15 25 14 15 26
16 16 27 26 15
17 29 28 13 12
18 30 29 17 18
19 28 10  3 13
20  1 11 31 19
21 12  4 17 29
22 30 31 28 29
23 30 18 19 31
24 31 11 10 28
  25  461    4  456  471
  26  458  470   16   15
  27  457  475   14    2
  28  465    2    7 2053
  29  458   15  459  469
  30  484  496  477  465
  31    7    6  454 2053
  32  454    6  455 2055
  33 2062 2055  466  499
  34 2054  467 2058  455
  35  621  627 2172  639
  36  888  889 2277  819
  37 2437 1073 1103 1102
  38 2391 1164 1196 1103
  39  428 1376 1327 1256
  40 1376  428 1388 1679
  41 1864 1694 1798 1809
  42 1574 1489 1799  444
  43  446 1572 1478 1790
  44  110  111 1478 1572
  45 1790 1478 1571  447
  46 1790 2081 1815  446
  47 2153 1841 1736 2199
  48 2244 1650 1671 2199
  49 1206 1176 1216 1651
  50  998 1034 1028  978
  51 2370  939  844  859
  52  721 2297  707  662
  53 2171  600 2186  571
  54  816  765  798  857
  55  917  901  882  926
  56 1014 1084  315 1046
  57 1084 2441 1163 1127
  58 2287 2271 1296 1634
  59 1734 1737 1894  266
  60 1894  267 1956 1911
  61  234 1757 1823 1929
  62   35   36 1534 1479
  63 1479 1534 1757  234
  64   37   38 1533 1480
  65 1480 1533 1756  233
  66   39   40 1481 1532
  67 1702  249 1865 1877
  68 2167 1360 1624 1341
  69 1255 1194 1290 2207
  70 1162 1210 1129  282
  71  988 2382  964 1022
  72  330  814  809  776
  73  631  636  591 2110
  74  646  668  631 2128
  75  634  595  619  645
  76  464    1  463  468
  77  460  474   19   18
  78 2059  460  473  506
  79  462  473  460   18
  80  461  472   17    4
  81 1541 2056  164  165
  82 1751 2083 1872  239
  83 1780 1859 2085  238
  84 1846 1946  237 1758
  85 1792 1836 1943  236
  86  235 1743 1828 1937
  87 1828 1743  234 1929
  88 2041 2005  251 1997
  89 1965  268 2003 2179
  90 2331 1781 1965 1853
  91 1684 1356 1365 1426
  92 1440 1612 1432  286
  93 1868 1788  320 1932
  94 1367 1415 1648 2165
  95  145  146 1592 1482
  96 1592 1638 2075 1482
  97  148  149 1590 1483
  98  147  148 1483 1591
  99  321 1483 1590 1772
 100  289 1771 1835 1936
 101 1880  291 1786  290
 102 2030  269 1996 2052
 103 1836 1792  235 1937
 104 2276 2002 2246 1964
 105 1720 2235 2276 1964
 106 1420 1439 1655 2309
 107 1898 2147 1805 2180
 108  321 1772 1827 1958
 109 1827 1772  289 1936
 110  171   32 1484 1537
 111   32   33 1536 1484
 112 1479  234 1743 1535
 113  169  170 1538 1485
 114  237 1485 1538 1758
 115  232 1532 1481 1811
 116  230 1530 1486 1791
 117 1784 1676 2099  248
 118 1361 2131 1341 2099
 119 1323 1227  264 2131
 120 1075 1116 1132  280
 121  983 2369  947  916
 122  833  808  809  886
 123  688 2160 2125  628
 124   16  470  456    4
 125   42   43 1486 1530
 126 1791 1486 1529  229
 127 2096 1925 1800 1424
 128 1424  263 1680 2096
 129 1329  298 1350 1372
 130 1191 1104 1153 1214
 131 2369 1005  312  947
 132  834  887  903  930
 133  187  784  802  836
 134 2279  856 2315  828
 135 1141  994 1056  345
 136 1002 2412 2406 1093
 137 1258 1200 1233 1264
 138 1387 1434 1425  430
 139 1425 1653 1402  430
 140 1696 1716 1667  410
 141  103  104 1576 1487
 142 1487 1576 1768  442
 143  105  106 1575 1488
 144 1488 1575 1767  443
 145  107  108 1489 1574
 146 1366  411 1399 1417
 147 1384 1657 1301 1363
 148 1180  394 1223 2211
 149 1167 1082 1018 1126
 150  923 2362  936  912
 151  772 2202  811 2269
 152  616  574  578 2158
 153  611  216  615 2169
 154  725  690  724  750
 155  637  608  625  698
 156   46   47 1527 1490
 157 1819 1692 2105 1839
 158  262 1406 1403 1902
 159  298 1329 1315 1297
 160 1213 1336 1310  278
 161 1115 1088 2438 1061
 162  930  989  905  881
 163  820  851 1023  863
 164 1010  996  186  892
 165 1031 1011 1080 1015
 166 1050  991 1015 1138
 167 1131 1204 1156  344
 168 1203 1232 1259 1613
 169 2345 2311 1264  377
 170 1724 1785 2270 1631
 171 1886 1961 1698 1785
 172  441 1744 1829 1938
 173  100  101 1578 1518
 174 1487  442 1744 1577
 175   93 1583 1542   92
 176  404 1502 1543 1740
 177 1745 1544 1502  404
 178 1848 1796  436 1977
 179 2037 2238 2048 2035
 180 1957  389 2010  390
 181 1910 1967 1862 1695
 182 1675 1695 1862  391
 183 1675 1342 1344 2281
 184 1344 1342  376 1377
 185 1263 1321 1377  376
 186 1281 1340 1633  342
 187 1627 1690  369 1343
 188 1428 1635 1396 1414
 189 1553 1499 1807  175
 190 1491  177 1662 1551
 191   76   77 1491 1551
 192 2060 1491 1550  371
 193  371 1778 1822 1959
 194  341 1712 1854 1954
 195  375 1729 1701 1626
 196 1682 1808 1729  375
 197 1808 1633  341 1954
 198  182 1355 1414 1396
 199  175 1681 1715 1761
 200 1497 1555 1762  305
 201 1497  305 1746 1556
 202   65   66 1492 1558
 203 1843 1763  304 1935
 204 2021 2047 2046  302
 205 2302 1940 2020 2000
 206 1918 1881 2326 1802
 207 1666 2360  300 1950
 208 1912 2313 1907  261
 209 1979 1912  261 1882
 210 1882  261 2223 1713
 211 1825 1755  227 1927
 212   49   50 1525 1526
 213 1795 1493 1524  225
 214   51   52 1524 1493
 215 1747 1523 1494  224
 216   53   54 1494 1523
 217  224 1494 1522 1739
 218 1752 2080 1870  223
 219 1857 1764  173 1941
 220 1763 1843 1941  173
 221   55   56 1474 1522
 222   59 1562 1521   58
 223 1752 1561 1495  240
 224 1764 1560 1496  173
 225 1496 1559 1763  173
 226 1558 1492 1793  304
 227   68   69 1497 1556
 228   71   72 1554 1498
 229 1498 1554 1761  322
 230   73   74 1499 1553
 231 1614  181 1427 2122
 232   80   81 1548 1500
 233  339 1760 1830 1930
 234 1701 1901 1957  390
 235 1796 1501 1545  436
 236   85   86 1545 1501
 237   87   88 1502 1544
 238   89   90 1475 1543
 239 1503  438 1748 1582
 240 1875 1740  437 1874
 241  436 1745 1861 1977
 242 1745  404 1969 1861
 243 1967 1922  432 1862
 244 2043 2006  408 1886
 245 1837 1944  440 1794
 246  439 1520 1580 1769
 247  438 1503 1581 1770
 248   94   95 1503 1582
 249  114  115 1569 1504
 250 1779  448 1919 1818
 251 1831  426 1968 1909
 252 1422  398 1429 1668
 253 1212 1300 1268 1245
 254  349 1147 1111 2399
 255 1024 1033  361  939
 256  807  928  218  760
 257  910 2364  925 2354
 258 1087 1047 1017 1123
 259 1220 1247  284 1195
 260 1338  293 1318 1283
 261 1853 1737 1670  293
 262  189 1416 1400 1358
 263 1673 2100 1717  209
 264 1514 1596 1773  355
 265  141  142 1505 1595
 266  176 1595 1505 1812
 267 1593  174 1804 1594
 268 1400 1416 1608 2108
 269 1411 1645 1401  207
 270 1773  176 1816 2106
 271 1511 1597 1774  354
 272 1511  354 1654 1598
 273  133  134 1506 1600
 274  403 1678 1718 1775
 275 1685 2237 1452 1609
 276 2329  400 1437 2290
 277 1394  424 1431 1410
 278 1368 1409 1394  399
 279 1409 1469  424 1394
 280  424 1466 1464 1431
 281 1464 1466 1649 2150
 282  415 1888 1697 1699
 283  117  118 1567 1568
 284 1566  451 1622 1507
 285  119  120 1566 1507
 286 1749 1565 1508  452
 287  121  122 1508 1565
 288 1508 1564 1741  452
 289  420 2104 1867 1753
 290 1855 1776  178 1926
 291  123  124 1476 1564
 292  126  127 1604 1563
 293 1753 1603 1509  420
 294 1776 1602 1510  178
 295  178 1510 1601 1775
 296  403 1600 1506 1709
 297  136  137 1511 1598
 298  150  151 1589 1512
 299  151  152 1588 1589
 300  172 1797 1845 1942
 301 2052 2157 2033 1990
 302 1846 1758  236 1943
 303 2152 2030 2052 1990
 304 1797 1513 1587  272
 305  153  154 1587 1513
 306  272 1750 1858 1976
 307  237 1946 1859 1780
 308 1983 1971  271 2016
 309 1742  239 1872 1873
 310 1750  256 1970 1858
 311  182 1378 1331 2161
 312  181 1428 1414 1427
 313 1276 1314 1339  368
 314 1900 1789 1703 2060
 315 1354  183 1331 1378
 316 1641 1277 1207 2230
 317 2330  325 1665 2286
 318 1665  325 1714 1738
 319 1783 1632 1844  307
 320 2284 2321 1896  275
 321 2046 2024 1908  302
 322 2024 2009  274 2163
 323 2023 1966 1982 2163
 324 1884  324 1665 1738
 325 2177 1390  201 2144
 326 1355  182 2161 1379
 327 1298 2201 1379 2161
 328 1171  368 2213 1230
 329 1319  369 1686 1340
 330 2373 1332  277 2398
 331 1193 2418  278 2395
 332 1309 2363 2395  299
 333 2444 1071 2416 1067
 334  310 1155 1157 1125
 335 1266 1287 1311 1306
 336  277 1287 1208 1246
 337 1628 1642 2336 1224
 338  309 1286 2386 1140
 339 1353 1333 1305  199
 340 1010 1054 1114 1076
 341 1045 2446 2445 2423
 342  957 2434  973 2446
 343  967  186  996 2381
 344  478  456  470  489
 345  187  800  806  797
 346  632 2130  583 2129
 347 1159 1128  185 1182
 348 1100 1160  213 1080
 349 1121 1231 1171  367
 350  367 1171 1230 1238
 351 1219  212 1218 2214
 352 1334 1219 1284  211
 353  212 1314 1276 1242
 354 1303  336 1289  190
 355 1400 2108 1415 1367
 356 2250 2185  319 1883
 357 1788 2124 2093 2092
 358 1252 1273 1357  190
 359 2215 1260 2166 1170
 360 1661 1316 1262 1293
 361 1373 1393 1659  357
 362 1392 1423 1435 1408
 363  385 1407 1392 1369
 364 2328 1423 1392 1407
 365 2312 2289 1443 1436
 366 1408 1435 1450  352
 367 1735 1705 1878  356
 368 1850 2168 1664 1735
 369 1235 2216 2259  220
 370 1451 1446 1398 1389
 371 1612 1440 1672 2249
 372 1405 1370 2347  384
 373 1187 1209 1239 1169
 374 1241  383 1271 1304
 375 1271 1328 1325 1304
 376 1066 1079 1112 1145
 377 1272 1237 1243 1307
 378 1307 1243  384 2347
 379  359 1149 2403 2431
 380 2452 1244 1217 1107
 381  938  997  965  911
 382 1004  984 1009 1063
 383 1004 1063 1037 1072
 384 1066 2448 1041 1053
 385 2354  970  979  192
 386 1190  315 2428 2427
 387 1225  295 1210 1162
 388 1320 1621 1726 1637
 389 1852 1637 1726  266
 390  233 1756 1817 1991
 391 1817 1756  232 2087
 392 1877 1865 1811  231
 393  802 2296  924 2339
 394  184 1207 1248 1250
 395 1641 2230 2305 2306
 396 1261 1137 1278 1353
 397  200 1412 2201 1298
 398 2253 1352 1412  200
 399  203  765  730  693
 400  925 2364  966  937
 401 1101 1060 1136 1106
 402  219 1174 1021 1055
 403 1020 1101 1095 1059
 404 1170 1139  206 2215
 405 1181 2356 2316 1222
 406 1146 2378  334 1123
 407 1120 1221 1146  191
 408 1020 1059 1098  974
 409  190 1357 1337 1303
 410 1635  177 1703  210
 411 1285 1231 1121 1143
 412 1031 1015  991 2368
 413  725  750  719  215
 414  846  824  869  906
 415 1090  990 1019 2380
 416 1292 1134 1173 2273
 417  429 1257 2232 1383
 418  411 2148 1382 1418
 419 1418 1606 1399  411
 420 1667 1606 1418  410
 421 1417 1399  444 1799
 422  594  580 2186  633
 423  781 2297  721  760
 424  605  589  575  216
 425  826  831  832 2298
 426 1244 2346 1192 1217
 427 1735  356 1917 1850
 428 1262 1316 1664 2217
 429 2101  222 1931 1889
 430  139  140 1596 1514
 431 1871 1739  223 1870
 432 1747  224 1972 1856
 433 1842 1795  225 1975
 434 1833 1754  226 1933
 435  227 1754 1833 1927
 436  225 1747 1856 1975
 437 1842 1933  226 1795
 438   45   46 1490 1528
 439 1490 1527 1755  228
 440  228 1755 1825 1895
 441 1819 1777  228 1895
 442 1813  246 1800 1925
 443 1784 1810 1730 1676
 444  166  167 1515 1540
 445 1515  238 1751 1540
 446  159 2056 1584  158
 447   48   49 1526 1516
 448 1764 1857 1949  240
 449 2031  242 2015 2113
 450 2026  258 2209 2042
 451 2227  260 2222 2034
 452 2197 2019 2227 2034
 453  242 2050 1995 2015
 454  246 1403 1406 1800
 455 1424 1800 1406 1385
 456 2099 1341 1624  248
 457 1725 1700  265 1637
 458 1823 1757  233 1991
 459 1586 1585  256 1750
 460 2049 2027 2047 2021
 461 2019 1881 1918 2227
 462 1395 1329 1372  262
 463 2193 1317 1669  297
 464 2205 2206 1194 1255
 465  266 1894 1911 1852
 466 1707  292 1655 2175
 467 1845 1797  272 1976
 468  240 1495 1560 1764
 469  304 1793 1834 1935
 470 1834 1793  273 1928
 471 1826 1746  305 1924
 472 1821 1762  322 1973
 473 1866 1723 1715 1681
 474  273 1746 1826 1928
 475 1306 1311 2351  276
 476 1213 1186 1115 1345
 477 1069 1104 1085 1058
 478 1013  951  959  975
 479 1168 1166 1094 1129
 480  283 1202 1117 1122
 481 1051 1089 1154 1122
 482  975  959 1008  281
 483 1251  283 1195  284
 484  284 1247 1283 1318
 485 1365 1356  285 2355
 486 1420  286 1432 1439
 487 1786 2164 1879  290
 488 2164 1786 1643  287
 489 1835 1771  172 1942
 490 1781 1684 1470 1863
 491 1670  294 2271 2287
 492 1132 1116 1130 1177
 493 1310 1297 1330 1274
 494  305 1762 1821 1924
 495 2336 1714  325 1623
 496 1948 1893  323 1711
 497  933  907  955  327
 498  839  890  887  329
 499  815  808  833  870
 500  894  919 2401  864
 501 2283  897  840  810
 502  315 1084 1127 2428
 503 1220 1282 1299 1247
 504 1605  317 2409 2377
 505 1253 2251 1181 1222
 506 2291 1731 2250 1883
 507  829  878  851  196
 508  734  762  723  195
 509  332  981  992  969
 510  333 2420 1124 1188
 511 1648 1708  337 2165
 512 1822 1778  339 1930
 513  369 1690 1787 1686
 514 1686 1787 1712  341
 515 1275 1294  343 1640
 516 1232 1156  343 1263
 517  824  846  364  775
 518  912  838  877  923
 519 2362  950  972  936
 520 2413 1052  379 1018
 521  804  779  861 2349
 522  956  908  946 1001
 523  348  998  978  927
 524 2419 1070  982 1040
 525 2442 2449 2432 1001
 526 1364 1393 1373  358
 527  352 1705 1659 2258
 528 1408 1647 1369 1392
 529 1454  386 1457 1611
 530 1456 1644 1447 1454
 531 1644  354 1706  353
 532 1906 2137 2106 1816
 533  218  847  831  826
 534 1099 1204 1131 1092
 535 1830 1760  372 1939
 536 1838 1759  179 1945
 537 1796 1848 1945  179
 538  340 1854 1712 1981
 539 2038 1915 1985  373
 540 2048  388  435 2035
 541 2367 1295 2345  377
 542 2392  377 1264 1233
 543 1126 2343 1134 1165
 544 1216 1176 1199  396
 545 2396 1152 1179 1151
 546 2350 1348 2347 1370
 547  386 1454 1447 1445
 548   79   80 1500 1549
 549 1500 1548 1760  339
 550   82   83 1547 1517
 551   83   84 1546 1547
 552 1656 1631  392 2311
 553 1444 2280  392 1438
 554  429 2184 1223 1257
 555 1257 1223  394 1292
 556 1359 1650 2234 1302
 557 1300 1212  382 1206
 558  372 1759 1838 1939
 559 2025  435 2017 2115
 560 1847 1769  440 1944
 561 1988 2032 2036  406
 562 2036 2032 2045  434
 563 1770 1860 1952  438
 564 1860 1770  439 1947
 565 1837 1794  441 1938
 566 1829 1744  442 1887
 567 1696  409 1887 1716
 568 1362  430 1402 1382
 569 1291 2184 1301 1657
 570 2142 1691  427 1671
 571 1798 1652  445 1809
 572 1909  415 1699 1831
 573 1467 1607 1463  417
 574 1663 1607 1467  416
 575 1464 1458 2212 1431
 576 1404 1410 1419  400
 577 1463 1468 1460  417
 578  400 1419 1430 1437
 579 1620  418 1728 1876
 580 1452 2237 1449 2289
 581  419 2098 1892 1732
 582 1429 1618 1899 1704
 583 1785 1698  431 2270
 584 1509 1602 1776  420
 585 1465 1630  422 1462
 586 2208 1448 2239  423
 587  417 1455 1461 1467
 588 2074 1748  438 1952
 589 1769 1847 1947  439
 590   99  100 1518 1579
 591  447 1779 1818 1920
 592 2097 1727 1663  416
 593 1727 1766  449 1663
 594  116  117 1568 1519
 595 1741  453 1869 2076
 596  113  114 1504 1570
 597   97   98 1580 1520
 598  882  849  193  896
 599 1515 1539 1780  238
 600   57  162   58 1521
 601 1521 1474   56   57
 602 1524 1523 1747  225
 603 1493 1525   50   51
 604 1754 1526 1525  226
 605 1755 1527 1516  227
 606  229 1529 1528 1777
 607 1531 1530 1810  231
 608 1532  232 1756 1533
 609 1480  233 1757 1534
 610 1479 1535   34   35
 611  235 1536 1535 1743
 612 1537  236 1758 1538
 613 1485 1539  168  169
 614 1540 1541  165  166
 615   91  163   92 1542
 616 1542 1475   90   91
 617 1545 1544 1745  436
 618 1501 1546   84   85
 619 1759 1547 1546  179
 620 1760 1548 1517  372
 621  371 1550 1549 1778
 622 1552 1551 1662 2061
 623 1553  175 1761 1554
 624 1498  322 1762 1555
 625 1557 1556 1746  273
 626 1558  304 1763 1559
 627 1495 1561   60   61
 628  223 1562 1561 1752
 629  125  160  126 1563
 630 1563 1476  124  125
 631 1566 1565 1749  451
 632 1507 1567  118  119
 633 1765 1568 1567  450
 634 1766 1569 1519  449
 635  447 1571 1570 1779
 636 1573 1572 1809  445
 637 1574  444 1767 1575
 638 1488  443 1768 1576
 639 1487 1577  102  103
 640 1578 1577 1744  441
 641 1579  440 1769 1580
 642 1520  439 1770 1581
 643  437 1583 1582 1748
 644  161  164 2056  159
 645 1541  239 1584 2056
 646 1477 1585  156  157
 647 1585 1586  155  156
 648 1587 1586 1750  272
 649 1513 1588  152  153
 650 1771 1589 1588  172
 651 1772 1590 1512  289
 652 1591  338 1638 1592
 653 1482 1593  144  145
 654 1595  176 1773 1596
 655 1514  355 1774 1597
 656  387 1599 1598 1654
 657 1600  403 1775 1601
 658 1509 1603  128  129
 659  453 1604 1603 1753
 660  455    6    5 2054
 661  457    2  465  477
 662    5    1  464 2054
 663  464  497  467 2054
 664  471  456  478  503
 665  459   15   14  475
 666  479  458  469  493
 667  483  459  475  490
 668  462   18   17  472
 669  461  471  491  481
 670  480  462  472  492
 671  497  464  468  500
 672  463    1   19  474
 673 2055 2062  486  454
 674  476  484  465 2053
 675  485  498  466 2058
 676  497  500  509 2069
 677 2057  468  463  482
 678  470  458  479  489
 679  472  461  481  492
 680  462  480 2068  473
 681  488  506  473 2068
 682  474  494  482  463
 683  474  460 2059  494
 684 2063  490  475  457
 685  519  496  508 2071
 686 2063  457  477  507
 687  491  471  503  515
 688  506 2072  518 2059
 689  483  505  469  459
 690  501  479  493  530
 691  502  481  491  534
 692  518  482  494 2059
 693  505  483  490  517
 694  486 2070  521  476
 695  484  495  508  496
 696  486 2062  499 2070
 697  454  486  476 2053
 698  487  500  468 2057
 699 2065  528  488 2068
 700  482  518  504 2057
 701  491  515 2066  534
 702  493  469  505  514
 703  481  502 2065  492
 704  478  489  516  503
 705  512  528 2065  502
 706  514  540  530  493
 707  495  484  476  521
 708  496  519  507  477
 709  523  511 2069  537
 710  467  497 2069  511
 711  466  498 2073  499
 712 2086 2073  520  541
 713  467  511  485 2058
 714  521 2070  522  533
 715  510  487 2067  538
 716  509  510  524  555
 717  544  513  488  528
 718  489  479  501  516
 719  529  503  516  543
 720  545  504  518 2072
 721 2057  504 2067  487
 722  517  490 2063  548
 723  535  505  517 2064
 724  513  531  506  488
 725  532  507  519  547
 726  508  495  521  533
 727  589  627  592  570
 728  511  525  498  485
 729  524  510  538  575
 730  500  487  510  509
 731  544 2084  531  513
 732  531  545 2072  506
 733  516  501  530  543
 734  546  556 2066  515
 735  529  546  515  503
 736  530  540  562  543
 737  550  535  558  576
 738  527  545 2089  563
 739  566 2071  551  577
 740  547  519 2071  566
 741  525  511  523  536
 742  571  541  557 2171
 743  499 2073 2086  526
 744  526  522 2070  499
 745  522  559  551  533
 746  523  537  570 2127
 747  525  536  542  520
 748  498  525  520 2073
 749  522  526 2086  552
 750  527  563  574  569
 751  538 2067  527  569
 752  528  512  539  561
 753  597  623 2084  544
 754 2109  534 2066  556
 755  543  585  565  529
 756 2064  517  548 2090
 757  532  548 2063  507
 758  577  551  559  202
 759 2071  508  533  551
 760  539  512  549  554
 761  512  502  534  549
 762  540  514  550  553
 763  514  505  535  550
 764  541  520  542  557
 765  570  537  555  589
 766  524  575  589  555
 767  561  539  554  587
 768  562  540  553  588
 769  552 2086  541  571
 770  560  582  542  536
 771  546  529  565 2095
 772  545  531  564 2089
 773  578 2089  564  618
 774  504  545  527 2067
 775  590  603 2109  556
 776  581  547  566  595
 777  532  567  568  548
 778  591  576  558 2110
 779 2109  573  549  534
 780  535 2064 2090  558
 781  588  553  180  609
 782  587  554  188  608
 783  560 2127  579  593
 784  509  555  537 2069
 785  546 2095  583  556
 786  556  583 2130  590
 787  557 2135  586 2171
 788  559  522  552  580
 789  579 2127  570  592
 790  544  528  561  597
 791  599  562  588  620
 792  563 2089  578  574
 793  585  543  562  599
 794  565  604  607 2095
 795  567  572  598  568
 796  567  532  547  581
 797  596  569  574  616
 798  600  630  633 2186
 799  584  568  598 2128
 800  573  188  554  549
 801  615  638  655 2169
 802  596  575  538  569
 803  576  180  553  550
 804  606  202  594  635
 805  581  610  572  567
 806  564  601 2126  618
 807  582  560  593  629
 808 2127  560  536  523
 809  202  559  580  594
 810  595  566  577  619
 811  542  582 2135  557
 812  597  561  587  617
 813 2084  601  564  531
 814  624  585  599 2134
 815  644  602  629  217
 816  617  587  608  637
 817  620  588  609  641
 818  589  605 2172  627
 819  590  613  622  603
 820  573 2109  603 2132
 821  696  716 2136  652
 822  576  591  626  180
 823  656  660  618 2126
 824  639  687  642  621
 825  593  579  621  642
 826  621  579  592  627
 827  629  602 2135  582
 828  606  619  577  202
 829  216  575  596  615
 830  651  617  637  685
 831  572 2195 2162  598
 832 2162  646 2128  598
 833  657  620  641  683
 834  630  586 2191  661
 835  612  601 2084  623
 836 2126  601  612  656
 837  586 2135  602 2191
 838  644  647 2191  602
 839  623  597  617  651
 840  622 2173 2132  603
 841  614  607  604  659
 842  604  565  585  624
 843  605  216  611 2170
 844  670 2170  658  712
 845  667  680  635  649
 846  632 2129  648  678
 847 2095  607 2129  583
 848 2133  625  608  188
 849  640  674  625 2133
 850  628  180  626  672
 851  610  581  595  634
 852  658 2200  691 2255
 853  660 2158  578  618
 854  682  677  650  613
 855  615  596  616  638
 856  697 2159  671  215
 857 2195  572  610  653
 858  623  651  654  612
 859  656  612  671 2159
 860  643  606  635  680
 861  643  645  619  606
 862 2174  624 2134  679
 863  629  593  642  217
 864  659  604  624 2174
 865  651  685  676  654
 866  626  591  636  652
 867  639 2172  670  712
 868 2172  605 2170  670
 869  688  628  672  701
 870  609  180  628 2125
 871  661  686  700 2265
 872  586  630  600 2171
 873  668 2187  636  631
 874  607  614  648 2129
 875  649  635  594  633
 876  610  634  669  653
 877 2158  684  638  616
 878  655  638  665  717
 879  613  650 2173  622
 880  650  695  640 2173
 881  728  708 2272  699
 882  645  643  675  704
 883  644  217  662  707
 884  646 2162 2195  663
 885  647  644  707  686
 886  661 2191  647  686
 887  195  614  659 2275
 888  648  664  692  678
 889  632  678  682  613
 890  669  634  645  704
 891  667  649  666  715
 892 2187  696  652  636
 893  672  626  652 2136
 894 2257  663  194  705
 895  690  654  676  724
 896  681  660  656 2159
 897  659 2174  679 2275
 898  657 2220  679 2134
 899 2169  673 2200  611
 900  614  195  664  648
 901  660  681  684 2158
 902 2314  720 2297  781
 903 2265  666  649  633
 904  687  694  217  642
 905  714  668  646  663
 906  664  195  723  692
 907  717  665  731  747
 908 2221  655  717  737
 909  675  643  680  711
 910  701  672 2136  739
 911  653  669  689  194
 912  671  612  654  690
 913 2125  699  641  609
 914  673 2221  737  751
 915  726  698  722 2231
 916  698  625  674  722
 917  689  669  704 2241
 918  724  676  703  746
 919  738  753  710  713
 920  713  678  692  729
 921 2275  679 2220 2307
 922  667  715 2266  203
 923  680  693  730  711
 924  681 2159  697  740
 925  706  684  709  732
 926  682  678  713  710
 927  709  684  681  740
 928  665  638  684  706
 929  685  637  698  726
 930  720 2314  700  686
 931  735  712 2256  766
 932  742  688  701  761
 933  853 2295 2294  787
 934  690  725  215  671
 935  779  804  733 2322
 936  691  733 2256 2255
 937  693  680  667  203
 938  764  789  749  694
 939  662  217  694  749
 940  674  640  695 2228
 941  741  716  696 2247
 942  697  215  719  745
 943 2229  769 2231  722
 944  767  786 2204 2203
 945  683  641  699 2272
 946  700 2314  743  715
 947  739 2136  716  792
 948 2160  728  699 2125
 949  705  194  689  759
 950  718  714  702  771
 951  703  676  685  726
 952  736  675  711  758
 953  759  689 2241 2278
 954  759  787 2294  705
 955  731  772 2269  793
 956  708 2307 2220 2272
 957  823  785  820  837
 958  758  711  730  783
 959  712  735  687  639
 960  729  692  723  757
 961  738  713  729  770
 962 2187  668  714  718
 963  714  663 2257  702
 964  757  723  762  794
 965  734  195 2275 2307
 966  700  715  666 2265
 967  731  665  706  772
 968  737  717  747  778
 969 2187  718 2247  696
 970  756  719  750 2236
 971  709  740 2254  755
 972  743 2314  781  826
 973  720  686  707 2297
 974  721  662  749  782
 975 2229 2228  748  797
 976  769 2279  796 2231
 977  746 2236  750  724
 978 2231  796  703  726
 979  736  754  704  675
 980 2300 2310 2278  754
 981  784  748  727 2260
 982  677  727  695  650
 983 2203 2160  688  742
 984  752  734 2307  708
 985  770  729  757  788
 986  768  203 2266  852
 987  772  706  732 2202
 988 2202  732  775  364
 989  673  751  691 2200
 990  752  708  728 2204
 991  780  794  762  734
 992  694  687  735  764
 993  868  736  758  813
 994  751  737  778  803
 995  753  738  785  823
 996  739  330  761  701
 997  763  718  771  874
 998  740  697  745 2254
 999  763 2282 2247  718
1000 2282  848  741 2247
1001  742  776  767 2203
1002  715  743  744 2266
1003  765  203  768  798
1004  841 2325  812  872
1005  775  755  795  824
1006  790 2236  774  817
1007  778  747  363  819
1008  852 2298  832  860
1009  727  748 2228  695
1010  797  748  784  187
1011  782  749  789  799
1012  752 2204  786  777
1013  823 2296 2260  753
1014  727  710  753 2260
1015 2278 2241  704  754
1016  755 2254 2299  795
1017  732  709  755  775
1018  812  790  817 2352
1019  745  719  756  773
1020  783  730  765  816
1021  716  741  810  792
1022  777  780  734  752
1023  764  735  766  791
1024  791  827  789  764
1025  857  798  204  885
1026  813  843  896  193
1027 2322  733  691  751
1028  791  766  804 2349
1029  776  742  761  330
1030 2298  852 2266  744
1031  798  768  822  204
1032  769 2229  797  806
1033  774 2240  828  214
1034  770  196  785  738
1035  877  811  850  898
1036  731  793  363  747
1037 2325  841  824  795
1038 2240  796 2279  828
1039  817  774  214  842
1040  811 2202  364  850
1041  786  767  808  815
1042  329  801  777  786
1043  803  779 2322  751
1044  861  779  803 2277
1045  780  777  801  821
1046  788  757  794  825
1047  218  826  781  760
1048  782  799 2365  807
1049  721  782  807  760
1050  843  783  816  880
1051  820  785  196  851
1052  808  767  776  809
1053  874  771 2295  331
1054  829  788  825  855
1055  196  770  788  829
1056 2310 2300  868  849
1057  818  759 2278 2310
1058 2352  817  842  866
1059  756 2236  790  773
1060  362  827  791 2349
1061 2283  848 2323  864
1062  330  739  792  814
1063 2333  794  780  821
1064 2299  773 2325  795
1065  703  796 2240  746
1066 1178 2365  799  844
1067  830 2315  862  913
1068  801  329  887  834
1069  821  801  834 2340
1070  837  924 2296  823
1071  819  363 2324  888
1072  733  804  766 2256
1073  861 2277  889 2320
1074  363  793  805 2324
1075  856  806  800  893
1076 2279  769  806  856
1077 1142  928  807 2365
1078 2384 2348  900  313
1079  763 2323  848 2282
1080  814  792  810  840
1081  838 2269  811  877
1082  850  364  846  883
1083  773  790  812 2325
1084  868  813  193  849
1085  813  758  783  843
1086  814  840  876  854
1087  329  786  815  839
1088  880  816  857  910
1089  873  818 2310  849
1090  787  759  818  853
1091  835 2349  861 2320
1092  803  778  819 2277
1093  924 1026  892 2339
1094 2333  858  825  794
1095  858 2333  821 2340
1096  958  938  204  822
1097 2296  802  784 2260
1098  883  846  906  968
1099  855  825  858  328
1100  860  832  867  985
1101  859  844  827  362
1102 1023  851  878 2394
1103 1025  831  847  895
1104  830  214  828 2315
1105  867  832  831 1025
1106  854  886  809  814
1107  839  815  870  921
1108  858 2340  881  328
1109  835  859  362 2349
1110  800  187  836 2358
1111  845  837  820  863
1112  865 2339  892  186
1113  923  877  898 2362
1114  838  805  793 2269
1115  921  952  890  839
1116 2283  864 2327  897
1117  854  876  899  900
1118  365  841  872  963
1119  214  830  875  842
1120 1000  987  962 1016
1121 2404 1178  361  942
1122  799  789  827  844
1123  845  863 1027  945
1124  968  906  932  995
1125  218  928  895  847
1126  810  741  848 2283
1127  872  812 2352  866
1128  853  818  873  902
1129  878  829  855  884
1130 2422 1023 2394  986
1131  822  768  852  860
1132  894  331 2295  853
1133  894  853  902  922
1134  854  900 2348  886
1135  893  800 2358  920
1136  910  857  885 2364
1137  879 2370  859  835
1138  927  908  879  931
1139  860  985  958  822
1140 2324  953  940  888
1141  862  893  915  913
1142  830  913 2368  875
1143  945  924  837  845
1144  876  840  897 2319
1145 2339  865  836  802
1146  987  842  875  962
1147 1141  365  963  994
1148 1004 1072  867 1025
1149  754  736  868 2300
1150  869  824  841  365
1151  906  869  914  932
1152  871  805  838  912
1153  882  901  873  849
1154  902  873  901  332
1155  874  331 2323  763
1156  876 2319  929  899
1157  898  850  883  346
1158  884  855  328  907
1159  884  904 2394  878
1160  835 2320  931  879
1161  909  896  843  880
1162  834  930  881 2340
1163  917  981  332  901
1164  905  907  328  881
1165  884  907  933  904
1166  911  885  204  938
1167  911  966 2364  885
1168  891 2379 2348 2384
1169 2324  805  871  953
1170  889  888  940  943
1171  927  931  943  348
1172  930  903  935  989
1173  916  947  891 2384
1174  870  833 2379  891
1175  920  865  186  967
1176  915  893  920  967
1177  893  862 2315  856
1178  919  894  922  948
1179 2426  942  971  949
1180  896  909  926  882
1181 2327  918 2319  897
1182  934  899  929 2383
1183  313  900  899  934
1184 2384  313  951  916
1185  922  902  332  969
1186  903  887  890  935
1187  331  894  864 2323
1188  904  933 2434  957
1189  907  905  941  955
1190  914  869  365 1141
1191  995  932  345 2412
1192 1024  956 1001 2432
1193 2370  879  908  956
1194  909  880  192  960
1195  960  944  926  909
1196  192  880  910 2354
1197  937  966  974  961
1198  913  915 1031 2368
1199  891  947  921  870
1200  929 2366  964 2383
1201 2401 1029 2374  954
1202  312  952  921  947
1203  948  922  969 1046
1204  990  950  346 1019
1205 1026  924  945 1054
1206  925 2388  970 2354
1207  960 2387 1471  944
1208 1142 2404  942 2426
1209 1025  895  984 1004
1210 2319  918 2366  929
1211 1090 2380 1002 1093
1212  959  951  313  934
1213  999  980  977 1058
1214  952  980  935  890
1215  953  871  347 1040
1216  871  912  936  347
1217  925  937  961 2388
1218  985  867 1072  997
1219  939  361 1178  844
1220  943  940  982  348
1221  982  940  953 1040
1222 1109 2438 1088 1236
1223  955  941  993 1012
1224  942  361 1033  971
1225  889  943  931 2320
1226  944 1471 1006  981
1227  311 2439  989  935
1228 1001  946  976 2442
1229  946  908  927  978
1230  983  916  951 1013
1231 1029  948 1190 2427
1232  984 2453  360 1009
1233 2426  949 2451 2440
1234 1018 1082 1077 2413
1235  952  312  977  980
1236 2327  954 2374  918
1237  939 2370  956 1024
1238 1007  973  327 1044
1239 2383  964 2382  934
1240 2382 1008  959  934
1241 1098 1048  961  974
1242 2368  991  962  875
1243  963  872  866 2353
1244 1000 1119 2353  987
1245  963 2353 1119  994
1246  314 1022  964 2366
1247 1021  965  997 1055
1248  205  966  911  965
1249  974  966  205 1020
1250 1038 1042 2381  996
1251 1031  915  967 1011
1252  346  883  968 1019
1253 1006 1161  992  981
1254 2421 1065 1123 1017
1255 1017  979  970 2421
1256 1083  971 1033 2433
1257  949 1030 2457 2456
1258 1003  972 2417 1039
1259  347  936  972 1003
1260 1057 1032 1045 1086
1261  986 1045 1032 2422
1262 1013  975 1116 1075
1263 1028  976  946  978
1264  349 2399  976 1028
1265 1005 1058  977  312
1266  980  999  311  935
1267  348 1035 2429  998
1268 2387 1047 2420 1471
1269  960  192  979 2387
1270 1040  347 1003 2419
1271 1036  983 1013 1075
1272 1009  360 1041 1074
1273 1072 1037 1055  997
1274  958  985  997  938
1275  197 1027 2422 1032
1276  957  986 2394  904
1277  866  842  987 2353
1278 1062  988 1043  282
1279 2382  988 1062 1008
1280 2439 2438 1109  989
1281  905  989 1109  941
1282  990 1090 1052 2413
1283 1143 1138  213 1285
1284 1236  310 2447  993
1285 1056  994 1092 1131
1286 2381 1042 1011  967
1287 1068 2429 1035 1102
1288 1345 2385 1085  279
1289 1049  366 1016 2390
1290 1000 1016  366 1119
1291 1081 2396 1110 2435
1292 1091 2412  345 1056
1293 1103 1073 1078 2391
1294 1069 1058 1005 1036
1295 1014  992 1161 1084
1296 1012 1044  327  955
1297 2444 1044 1012 1071
1298 1107 1217 1064 2408
1299  185 1038 1076 1182
1300 2447 1071 1012  993
1301 1116  975  281 1130
1302  992 1014 1046  969
1303 1016  962  991 2390
1304 2421  970 2388 2454
1305 1047 1087 1124 2420
1306  990 2413 1077  950
1307 1019  968  995 2380
1308 1141  345  932  914
1309 1021 1060  205  965
1310 1192 1228 1174  219
1311 2402 1029 2427 1089
1312 1022 2407 1043  988
1313  892 1026 1054 1010
1314 1054  945 1027  197
1315 2422 1027  863 1023
1316 1089 1051 2407 1022
1317  314 2374 1029 2402
1318 2456 1041  360 2453
1319 1068 1105 2375 1034
1320 1111 1147 1150 1183
1321  348  982 1070 1035
1322 1036 1075  280 1069
1323 1036 1005 2369  983
1324 1037 1063 2408 1064
1325 1042 1038  185 1100
1326  996 1010 1076 1038
1327 1039  380 1078 1003
1328  950 1077 2417  972
1329 2457 1053 1041 2456
1330 1074 1041 2448 1113
1331 1042 1100 1080 1011
1332 1125 1140 2416 1071
1333 2446 1045  986  957
1334 2371 1086 1045 2423
1335 1046  315 1190  948
1336  979 1017 1047 2387
1337  961 1048 2454 2388
1338  191 1065 1048 1098
1339 1099 1092  366 1049
1340 1050 1049 2390  991
1341 1143 1096 1050 1138
1342  314 2402 1089 1022
1343 1118 1091  344 1203
1344 1118 2406 2412 1091
1345 2389 1108 1229 1097
1346 1053 2457 1079 1066
1347 2430 2405 1187 1169
1348 1057 2372  197 1032
1349 1092  994 1119  366
1350  344 1091 1056 1131
1351 1076 1114 1172 1182
1352 1135 1120 1059 1095
1353 1098 1059 1120  191
1354  205 1060 1101 1020
1355 1088 1115 1186 1155
1356 1061  311  999 2385
1357 2449 2442 1081 2435
1358 2435 1110 1083 2433
1359 1129 1094 1062  282
1360  281 1008 1062 1094
1361 1009 1074 2408 1063
1362 1107 2408 1074 1113
1363 1064  219 1055 1037
1364 1221 1120 1144 2293
1365 1113 2448 1149  359
1366 2416 2415 2443 1067
1367 1007 1067 2443  326
1368  381 1105 1068 1102
1369 1104 1069  280 1153
1370  310 1125 1071 2447
1371 1073 2419 1003 1078
1372 1094 1166 1130  281
1373 1182 1172  198 1240
1374 1126 1018  379 2343
1375 2317 1078  380 1280
1376 1083 1079 2457 1030
1377 1112 1079 2405 2430
1378 1080  213 1138 1015
1379 1081 2399 1152 2396
1380 1110 2405 1079 1083
1381 2343 1097 1173 1134
1382 1039 1082 1167  380
1383  971 1083 1030  949
1384  999 1058 1085 2385
1385 2371 1137  198 1086
1386 1086  198 1172 1057
1387  334 1158 1087 1123
1388 1155  310 1236 1088
1389 1122 1117 2407 1051
1390 1043 2407 1117  282
1391 1154 2428 1127 1195
1392 1090 1093 1108 1052
1393 2406 1148  378 1093
1394 1108 1093  378 1229
1395 1095  206 1139 1135
1396 2342 1238 1099 1049
1397 1096 2342 1049 1050
1398  379 2389 1097 2343
1399 1200 1258 1279 2332
1400 1640 1238 1230 1275
1401 1100  185 1128 1160
1402 1198 2214 1128 1159
1403  206 1095 1101 1106
1404 2437 1102 1035 1070
1405 1280  380 1167 1201
1406  381 1102 1103 1196
1407 1104 1191  279 1085
1408 1176 1105  381 1199
1409 1147 1034 2375 1150
1410 1106 2216 2215  206
1411 1217 1192  219 1064
1412  993  941 1109 1236
1413 2396 1151 2405 1110
1414 1147  349 1028 1034
1415 1183 1212 1245 1111
1416 1066 1145 1149 2448
1417 2452 1107 1113  359
1418 2372 1114 1054  197
1419 1057 1172 1114 2372
1420 1345 1115 1061 2385
1421 1117 1202 1162  282
1422 2393 1613  377 2392
1423 1144 2341 2356 1181
1424  368 1171 1231 1276
1425 2342 1121  367 1238
1426 2428 1154 1089 2427
1427 1146 1123 1065  191
1428 1124 1087 1158 2455
1429  333 1133 1161 1006
1430 1193 1246 1208 1197
1431 1197 1140 1125 1157
1432 1195 1127 1163 1220
1433 1160 1128 2214 1218
1434 1168 1129 1210 1205
1435 1254 1166 1168  296
1436 1177 1130 1166 1254
1437 1132 1226 1153  280
1438 1133  316 1163 2441
1439 1165 1134 1292  394
1440 2341 1144 1120 1135
1441 1174 1136 1060 1021
1442 1228 2259 1136 1174
1443 1135 1139 2356 2341
1444 1142 2365 1178 2404
1445 1143 1121 2342 1096
1446 1221 2338 2378 1146
1447 1188  316 1133  333
1448  350 1149 1145 2425
1449 1148 1233 1200  378
1450 2375 1184  382 1150
1451 1183 1150  382 1212
1452 1209 1151 1179  383
1453 1187 2405 1151 1209
1454 1111 1245 1152 2399
1455 1214 1153 1226  297
1456  283 1122 1154 1195
1457 1157 1155 1186 2418
1458 1156 1232 1203  344
1459 1157 2418 1193 1197
1460 1158  334 1189 2455
1461 1619 2455 1189 2409
1462 1182 1240 2305 1159
1463 2230 1207  184 1198
1464 1242 1160 1218  212
1465 1161 1133 2441 1084
1466 1163  316 1282 1220
1467 1215 2263 1302 2234
1468 1215 1196 1164 2263
1469 1165  394 1180 1201
1470 1126 1165 1201 1167
1471 2264 1205 1290 1194
1472  350 2425 1237 1272
1473  207 1273 1170 2166
1474 1628 1224 2415 2386
1475 2233 1279 1258  393
1476 1175 1224 2336 1623
1477 1623 1333 1353 1278
1478 1199  381 1196 1215
1479 1184 1176 1206  382
1480 1177 2194 1226 1132
1481 1256  395 1180 2211
1482 1201 1180  395 1280
1483 1222 2316 1289 1253
1484 1710 2337 2377 1185
1485 1185 2377 2409 1189
1486 1185 1189  334 2378
1487 1249 1191 1214 1371
1488 1270 1228 1192 2346
1489 2264 1194 2206  296
1490  283 1251 1234 1202
1491  309 1140 1197 1208
1492 2214 1198  184 1219
1493 1173 2332 1279 2273
1494 1265 2317 1280  395
1495  343 1156 1204 1640
1496  295 1290 1205 1210
1497 1687 1346 1328 1300
1498 1207 1277 2219 1248
1499 1208 1287 1266  309
1500 1209  383 1241 1239
1501 1237 1169 1239 1243
1502 1225 1162 1202 1234
1503 1389 1398  285 2397
1504 1336 1249 1297 1310
1505 1186 1213  278 2418
1506 1350  298 1371 1669
1507 1302 2263 1265 1327
1508  396 1199 1215 2234
1509 1216  396 2244 1616
1510 1651 1216 1616 2243
1511 1193 2395 2363 1246
1512 1244 2452 1269 1658
1513 1284 1250  183 1354
1514 1619 2450  316 1188
1515 2293 1144 1181 2251
1516 2338 1221 2293  335
1517 1256 2211 1291  428
1518 1621 1320  295 1225
1519 1288 1254  296 1227
1520  220 2259 1228 1270
1521 1173 1097 1229 2332
1522 1229  378 1200 2332
1523 1275 1230 2213 1281
1524 1238 1640 1204 1099
1525 1231 1285 1242 1276
1526  376 1259 1232 1263
1527 1148 2393 2392 1233
1528 1634  284 1318 2287
1529 2267 1296 2271 2268
1530 1235  220 1262 2217
1531  221 1260 1235 2217
1532  384 1243 1239 1241
1533 2306  198 1137 1261
1534 2306 1261 1353 1641
1535 1160 1242 1285  213
1536 1307 1326 2335 1272
1537 2359 1658 1661 1293
1538 1245 1268 1179 1152
1539 2373 2398 1950  300
1540 1283 1247 1375 1356
1541 1312 2252 1277  199
1542 2219 1277 2252 1267
1543 1191 1249 1336  279
1544 1219  184 1250 1284
1545 2287 1318  293 1670
1546 1273 1252 1139 1170
1547 2198 1253 1289  336
1548 2194 1177 1254 1288
1549  265 1360 1255 2207
1550 1387 1383 2232 2233
1551  429 1383 1362 1335
1552 2233  393 1434 1387
1553 1295 2367 1259  376
1554 1914 1411  207 2166
1555 1914 2166 1260  221
1556  220 1270 1293 1262
1557 1321 1294  342 1682
1558 1295  376 1342 1322
1559 2280 1264 2311  392
1560 1327 1265  395 1256
1561 1313 1266 1306 1632
1562 1298 1267 2252 1312
1563 1331  183 2219 1267
1564 1328 1271 1268 1300
1565  383 1179 1268 1271
1566 1658 1269 2400  358
1567 2359 2346 1244 1658
1568 2403 1374 1324 2431
1569 1357 1273  207 1401
1570 2361 1666 1950 2398
1571  342 1294 1275 1281
1572 1334 1314  212 1219
1573 1312  199 1305 2253
1574 1623 1278 2424 1175
1575 1444 1434  393 1258
1576 2213 1319 1340 1281
1577 1282 1211 2436 1299
1578 1283 1356 1684 1338
1579 1343 1334  211 1627
1580 1286  309 1266 1313
1581 1642 1286 1313  308
1582 1311 1287  277 1332
1583 1288 1227 1323 2139
1584 2138 1317 2193 2139
1585 1290  295 1320 2207
1586  429 1335 1301 2184
1587  428 1291 1657 1388
1588 1316 1661 1373  357
1589 1263  343 1294 1321
1590 1234 1251 1296 2267
1591 1297 1249 1371  298
1592 1267 1298 2161 1331
1593 2436 1211 2410 2411
1594  317 2410 1211 2450
1595 1687 1300 1206 1651
1596 1301 1335 2148 1363
1597  350 1308 2403 1149
1598 1308  350 1272 2335
1599 1303 1337 1358 1381
1600 1347 1386 1405 1304
1601 1241 1304 1405  384
1602 1306  276 2284 1632
1603 1348 1326 1307 2347
1604 1364 1324 1374  351
1605  299 2395 1274 1330
1606  278 1310 1274 2395
1607  279 1336 1213 1345
1608  276 2351 1646 1806
1609  200 1298 1312 2253
1610 1343 1339 1314 1334
1611 1319 1339 1343  369
1612 1315 1349 2285 1639
1613 1315 1639 1330 1297
1614 1664 1316  357 1735
1615 1397 1317 2138  263
1616  297 1226 2194 2193
1617  368 1339 1319 2213
1618  265 2207 1320 1637
1619 1377  375 1626 1344
1620 2344 1656 2311 2345
1621 1322 2344 2345 1295
1622 2121 1361 2088 1680
1623 2262 1325  398 1422
1624 1325 2262 1347 1304
1625 1369 1326 1348  385
1626 2335 2334 2376 1308
1627 1327 1376 1359 1302
1628  398 1325 1328 1346
1629 1329 1395 1349 1315
1630  183 1250 1248 2219
1631 2363 2398  277 1246
1632 2373 1802 1351 1332
1633 1641 1353  199 1277
1634 2286 1665  324 1352
1635 1337 1380  189 1358
1636 2331 1338 1684 1781
1637  341 1633 1340 1686
1638 1360 2167 2205 1255
1639 1361 2099 1676 2088
1640 1322 1342 1675  391
1641 1615 1627  211 2102
1642 1618 1429  398 1346
1643  399 1386 1347 1368
1644 1349 1902 1907 2285
1645 1669 1317 1397 1350
1646 1372 1350 1397 1385
1647 2398 2363 1309 2361
1648 1332 1351 2351 1311
1649 2201 1412 2181 1390
1650 1305 2286 1352 2253
1651 1378 1391 2102 1354
1652  211 1284 1354 2102
1653 1355 2144 1427 1414
1654 1357 1401 1380 1337
1655 1381 1358 2165  337
1656 2142 1671 1650 1359
1657 1360  265 1700 1624
1658 2096 1680 2088  247
1659 1323 2131 1361 2121
1660  411 1366 1363 2148
1661 1363 1366  412 1384
1662 1364  358 2400 1324
1663 1408  352 2258 1647
1664 1417 1652  412 1366
1665 1367 2165 1358 1400
1666 2262 1409 1368 1347
1667 2304 1326 1369 1647
1668 1370 1405 1386 1421
1669 1371 1214  297 1669
1670  285 1356 1375 2397
1671 1375 1247 1299 2414
1672 1376 1679 2142 1359
1673  375 1377 1321 1682
1674 1378  182 1396 1391
1675 1379 2177 2144 1355
1676 1380  208 1416  189
1677 2316 1252  190 1289
1678 1381  337 2124 1617
1679  336 1303 1381 1617
1680  410 1418 1382 1402
1681 1335 1362 1382 2148
1682 2233 2232 2273 1279
1683  430 1362 1383 1387
1684 1677 1384  412 1694
1685 1388 1657 1384 1677
1686  262 1372 1385 1406
1687 1386  399 1404 1421
1688 1388 1677 1803 1679
1689 1451 1636  318 1446
1690 1446 1440  286 1398
1691 1472 2181 1412 2242
1692 1390 2181 1683  201
1693 1391  210 1615 2102
1694 1393 1364  351 2303
1695 2258 1659 1393 2303
1696 1410 1404  399 1394
1697 1395  262 1902 1349
1698 1391 1396 1635  210
1699 1385 1397  263 1424
1700  208 1380 1401 1645
1701 1713 2223 2183 1473
1702 1404  400 1441 1421
1703 1425 1625 1849 1653
1704  246 1473 2183 1403
1705 2357 1433 1407  385
1706 1409 2262 1422 1469
1707 1466  424 1469 1629
1708 1419 1410 1431 2212
1709 1914 1688 1693 1411
1710 2242 1412 1352  324
1711  285 1398 1413 2355
1712 1638 1648 1415 2075
1713 1416  208 1673 1608
1714  445 1652 1417 1799
1715 1432  287 1643 1439
1716 2309 1426 1365 2355
1717 2357 2350 1441 1433
1718 1469 1422 1668 1629
1719 1423 2328 2329 2312
1720 1436 1435 1423 2312
1721  431 2190 1438 2270
1722 2190 1625 1425 1434
1723 1426  292 1470 1684
1724 1866 2122  201 1683
1725 1681 1614 2122 1866
1726  177 1635 1428 1662
1727 1445 1443 2288  386
1728  397 1618 1346 1687
1729 1668 1429 1704  425
1730 1448 1442 1430 2239
1731  401 2308 1442 2248
1732 1455  423 1458 1461
1733 1433 1441  400 2329
1734 1434 1444 1438 2190
1735 1445 1435 1436 1443
1736 1450 1435 1445 1447
1737 1437 1430 1442 2308
1738 1438  392 1631 2270
1739 1439  291 2175 1655
1740 1672 1440 1446  318
1741 2248  422 1630 1609
1742 2289 1449 2288 1443
1743 1457  386 2288 1449
1744 2280 1444 1258 1264
1745 1456 1454  387 1654
1746  353 1450 1447 1644
1747 2208  423 1455 1459
1748 1442 1448  422 2248
1749 1457 1449 2237  402
1750 1450  353 1610  352
1751 1451 2411 2410 1636
1752 1605 1636 2410  317
1753 2248 1609 1452  401
1754 1453 2208 1459 2154
1755 1459 1455  417 1460
1756 2212 1458  423 2239
1757 1644 1456 1654  354
1758 1457  402 1678 1611
1759 1461 1458 1464 2150
1760 2154 1459 1460 1660
1761 1660 1460 1468 2078
1762 2245 1453 2154  418
1763 1467 1461 2150  416
1764 1462 2245  418 1620
1765 2245 1462  422 1448
1766 1468 1463  450 1622
1767 1465 1462 1620 1732
1768  419 1732 1620 1876
1769 1466 1629 1832 1649
1770 2078 1468 1622  451
1771  292 1707 1720 1470
1772  333 1006 1471 2420
1773 1472 2242  324 1711
1774  323 2145 1472 1711
1775 2105 1473  246 1813
1776 1692 1713 1473 2105
1777 1474  223 1739 1522
1778 1475  437 1740 1543
1779 1476  453 1741 1564
1780  239 1742 1477 1584
1781 1477  157  158 1584
1782  111  112 1571 1478
1783   36   37 1480 1534
1784   40   41 1531 1481
1785  231 1811 1481 1531
1786 1608 1804  174 2108
1787 1897 1591 1483  321
1788 1792 1484 1536  235
1789  236 1537 1484 1792
1790 1780 1539 1485  237
1791   43   44 1529 1486
1792 1810 1530  230 1730
1793  442 1768 1716 1887
1794  104  105 1488 1576
1795  108  109 1573 1489
1796 1799 1489 1573  445
1797 1490  228 1777 1528
1798   77   78 1550 1491
1799   66   67 1557 1492
1800 1793 1492 1557  273
1801 1525 1493 1795  226
1802 1522 1494   54   55
1803   61   62 1560 1495
1804   62   63 1496 1560
1805   63   64 1559 1496
1806   69   70 1555 1497
1807   70   71 1498 1555
1808   74   75 1552 1499
1809  181 1614 1807 2061
1810 1500  339 1778 1549
1811 1546 1501 1796  179
1812 1543 1502   88   89
1813   95   96 1581 1503
1814 1504  448 1779 1570
1815  142  143 1594 1505
1816  209 1717 1812 1505
1817  134  135 1599 1506
1818  403 1709 1611 1678
1819 1567 1507 1622  450
1820 1564 1508  122  123
1821  129  130 1602 1509
1822  130  131 1510 1602
1823  131  132 1601 1510
1824  137  138 1597 1511
1825  149  150 1512 1590
1826 1588 1513 1797  172
1827  138  139 1514 1597
1828 1539 1515  167  168
1829   47   48 1516 1527
1830   81   82 1517 1548
1831 1794 1518 1578  441
1832 1579 1518 1794  440
1833 1504 1569 1766  448
1834  115  116 1519 1569
1835   96   97 1520 1581
1836 1474 1521 1562  223
1837   52   53 1523 1524
1838 1516 1526 1754  227
1839   44   45 1528 1529
1840   41   42 1530 1531
1841   38   39 1532 1533
1842   33   34 1535 1536
1843  170  171 1537 1538
1844 1541 1540 1751  239
1845 1475 1542 1583  437
1846   86   87 1544 1545
1847 1517 1547 1759  372
1848   78   79 1549 1550
1849 1552 2061 1807 1499
1850   75   76 1551 1552
1851  322 1761 1715 1973
1852   72   73 1553 1554
1853   67   68 1556 1557
1854   64   65 1558 1559
1855   59   60 1561 1562
1856 1476 1563 1604  453
1857  120  121 1565 1566
1858 1607 1765  450 1463
1859 1519 1568 1765  449
1860  112  113 1570 1571
1861  109  110 1572 1573
1862  443 1767 1606 1667
1863  106  107 1574 1575
1864  101  102 1577 1578
1865   98   99 1579 1580
1866   93   94 1582 1583
1867 1585 1477 1742  256
1868  154  155 1586 1587
1869 1512 1589 1771  289
1870 1648 1638  338 1708
1871  146  147 1591 1592
1872  209 1505 1594 1804
1873  143  144 1593 1594
1874  140  141 1595 1596
1875 1599  387 1709 1506
1876  135  136 1598 1599
1877  178 1775 1718 1926
1878  132  133 1600 1601
1879  127  128 1603 1604
1880 2338 1710 1185 2378
1881 1636 1605 1801  318
1882  444 1399 1606 1767
1883  449 1765 1607 1663
1884  209 1804 1608 1673
1885  421 1685 1609 1630
1886 2141 2140 2176 1610
1887  387 1454 1611 1709
1888 1612 2249 2180 1805
1889  287 1432 1612 1805
1890 2393 1118 1203 1613
1891  175 1807 1614 1681
1892 1690 1627 1615 1789
1893 2218  397 2243 1689
1894 2198 1851 1733 1674
1895 2450 1211 1282  316
1896 2455 1619 1188 1124
1897 1660 1728  418 2154
1898 1630 1465 1732  421
1899 2267 1621 1225 1234
1900 1224 1175 2424  326
1901 1333 1623  325 2330
1902 1624 1700 1702  248
1903 1849  431 1698  409
1904 1695 1675 2281 1840
1905 1286 1642 1628 2386
1906 1832  425 1699 1697
1907 1724 1631 1656  391
1908  308 1313 1632 1783
1909 1808 1954  374 1729
1910 1634 1296 1251  284
1911 1725 1637 1852 1904
1912 2075 1415 2108  174
1913 2318 1721 1666 2361
1914  299 1330 1639 2318
1915  308 1714 2336 1642
1916  291 1439 1643 1786
1917 1782 2164  287 1805
1918  354 1774 1820 1706
1919 1645 1411 1693 2100
1920 1646  301 2301 1806
1921 2303  351 2334 2304
1922 2303 2304 1647 2258
1923  338 1591 1897 1708
1924 1649 1832 1697 2097
1925  416 2150 1649 2097
1926 2234 1650 2244  396
1927 1687 1651 2243  397
1928 1652 1798 1694  412
1929 1696 1653 1849  409
1930  410 1402 1653 1696
1931 1880 1905 2175  291
1932 2309 1655  292 1426
1933 1661 1658  358 1373
1934 1705  352 1610 2176
1935 1728 2077 1903 1876
1936 1662 1428  181 2061
1937 1727 2097 1697 1888
1938  293 1338 2331 1853
1939  221 2217 1664 2168
1940 1629 1668  425 1832
1941 1726  294 1734  266
1942 1736 1689 2243 1616
1943  335 2292 1710 2338
1944 1883 2249 1672 2291
1945  208 1645 2100 1673
1946 1674  335 2293 2251
1947 1253 2198 1674 2251
1948 2281 1344 1626 1840
1949 2088 1676 1730  247
1950 1694  413 1803 1677
1951 1678  402 1722 1718
1952 1691 2142 1679 1803
1953 2138 2121 1680  263
1954 1723 1866 1683 2145
1955 1633 1808 1682  342
1956 1973 1715 1723 2123
1957 1926 1718 1722 2151
1958  402 2237 1685 1722
1959 1981 1712 1787  370
1960 1688 2168 1850  222
1961 1693 1688  222 2101
1962 2244 2199 1736 1616
1963 2218 1899 1618  397
1964 1789 1615  210 1703
1965  370 1787 1690 1789
1966 1890 1841 2153  427
1967 1841 1890 1968  426
1968 1692 1819 1895  245
1969 1713 1692  245 1882
1970 2101 1889 1812 1717
1971 1803  413 2094 1691
1972  390 1910 1695 1840
1973 1724  391 1862  432
1974  425 1704 1831 1699
1975  249 1702 1700 1725
1976 1901 1701 1729  374
1977 1701  390 1840 1626
1978 1789 1900 1959  370
1979 1831 1704 1899  426
1980 1705 2176 1719 1878
1981  357 1659 1705 1735
1982 1814 2140 1820 2107
1983 1878 1719 1814 2137
1984 1916 1707 2175 1905
1985 1707 1916 2235 1720
1986 2092 1958  320 1788
1987 2292  335 1674 1733
1988 1605 2377 2337 1801
1989 1711  324 1884 1948
1990 1974 1854  340 2001
1991 1902 2223  261 1907
1992  308 1783 1738 1714
1993 1738 1783 1891 1884
1994  443 1667 1716 1768
1995 2141 1610  353 1706
1996 1964 1863 1470 1720
1997 2285 1721 2318 1639
1998 1912 1824 2360 2313
1999 1722 1685  421 2151
2000 1973 2123 2013 1821
2001 1785 1724  432 1922
2002 1734  294 1670 1737
2003  448 1766 1727 1888
2004 1903 2077 1749  452
2005 1813 1925 1885 2079
2006 1731 2292 1733 2250
2007 1731 2291 1801 2337
2008 1776 1855 2104  420
2009  336 1617 1851 2198
2010 2249 1883  319 2180
2011 1890  427 1691 2094
2012 1689 1736 1841  426
2013  267 1894 1737 1853
2014 1874  437 1748 2074
2015 1753 1867 1869  453
2016 1875 1969  404 1740
2017 1871 1972  224 1739
2018 2076 1903  452 1741
2019 1873 1970  256 1742
2020 1951 2085 1859 1987
2021 1855 1926 1953 2104
2022 2087  232 1811 1865
2023 1913 1827 1936  288
2024 1889 1816  176 1812
2025  355 2107 1820 1774
2026 1919  448 1888  415
2027 1966 1844  275 1982
2028 1891 1783  307 2182
2029  248 1702 1877 1784
2030  231 1810 1784 1877
2031 1971 1880 1978  271
2032 1851 1617 1868 2185
2033 2081 1920 2091 1815
2034 1813 2079 1839 2105
2035 1900 2060  371 1959
2036  247 1885 1925 2096
2037  301 1351 1802 2326
2038 1918  300 2360 1824
2039 1593 1482 2075  174
2040 1868 1932  319 2185
2041 1809 1572  446 1864
2042 1730  230 1885  247
2043 1819 1839  229 1777
2044 1934 2091  414 1968
2045  413 2082 1934 2094
2046 1906 1931 1917  356
2047 1931 1906 1816 1889
2048 1921 1963 1904  250
2049 1991 1817 1921 2120
2050 1818 1919 1984 1920
2051  306 2013 1893 2149
2052 1924 1821 2013  306
2053 1930  340 1981 1822
2054  251 2011 1980 1997
2055 1991 2120 2011 1823
2056 1918 1824  260 2227
2057 2360 1666 1721 2313
2058 1927  244 1960 1825
2059 1895 1825 1960  245
2060 2004  274 1928 1826
2061  320 1913 1898 1932
2062  321 1958 2092 1897
2063 1937 1828 2005  252
2064 1828 1929  251 2005
2065 1923 1829 1887  409
2066 1938 1829 1923  408
2067 1939 2119 2001 1830
2068 1930 1830 2001  340
2069 1933  243 1998 1833
2070 1927 1833 1998  244
2071 1935 1834 2009  303
2072 2009 1834 1928  274
2073 2118 1962 1835 1942
2074 1943 1836 2007  253
2075 2007 1836 1937  252
2076 1944 1837 2006  407
2077  408 2006 1837 1938
2078 2008 1838 1945 2117
2079 1939 1838 2008 2119
2080 1975 1995 2116 1842
2081 1933 1842 2116  243
2082 1941 1843 1994  257
2083 2284  275 1844 1632
2084 1976 1978 2012 1845
2085 1942 1845 2012 2118
2086 1990 1946 1846 2152
2087 1947 1847 1988  406
2088 1848 1977 1989  388
2089 1848  388 2117 1945
2090  431 1849 1625 2190
2091 1788 1868 1617 2124
2092  250 1904 1852 1911
2093  268 1965 1781 1863
2094 1974  373 1985  374
2095  421 1732 1892 2151
2096 1892 1953 1926 2151
2097 2015 1856 1972 2113
2098 1975 1856 2015 1995
2099 1857 1993 2112 1949
2100 1870 2080 1949 2112
2101 1858 1970 2016  271
2102 1860 1986 2114 1952
2103 1874 2074 1952 2114
2104 2017 1861 1969 2115
2105 1977 1861 2017 1989
2106 1864  446 1815 2082
2107  413 1694 1864 2082
2108  249 1963 2087 1865
2109 2098 1869 1867 2103
2110 2076  419 1876 1903
2111 2076 1869 2098  419
2112 1871 1870 2112  241
2113 1972 1871  241 2113
2114 1873 1872 1951  255
2115 1970 1873  255 2016
2116 1875 1874 2114  405
2117 1969 1875  405 2115
2118 2147 2146 1782 1805
2119 1962  288 1936 1835
2120 1978 1880  290 2012
2121  270 1905 1880 1971
2122 1940 1881  259 2020
2123 1955 1882  245 1960
2124  244 1992 1955 1960
2125 1884 1891 2182 1948
2126 1885  230 1791 2079
2127 1886 1785 1922 2043
2128 1961 1923  409 1698
2129 1934 1968 1890 2094
2130 1953 1892 2098 2103
2131 2326 1881 1940 2302
2132 1908 1896 2044  302
2133 1913  320 1958 1827
2134 2147 1898 1913  288
2135 2218 1689  426 1899
2136 2060 1703  177 1491
2137 1915 1901  374 1985
2138  389 1957 1901 1915
2139 2077 1728 1660 2078
2140  249 1725 1904 1963
2141 1905  270 1996 1916
2142 1878 2137 1906  356
2143 2285 1907 2313 1721
2144 1982 1908 2024 2163
2145 1896 1908 1982  275
2146 1984 1919  415 1909
2147 1910  390 2010  433
2148 1967 1910  433 1999
2149 1980 2143 1956 2178
2150  260 1824 1912 1979
2151 1914  221 2168 1688
2152 1915 2038 2014  389
2153 2157  270 1971 1983
2154 1916 1996  269 2235
2155  222 1850 1917 1931
2156  300 1918 1802 2373
2157 2120 1921  250 2143
2158 1963 1921 1817 2087
2159 1922 1967 1999 2043
2160 1924  306 2004 1826
2161 1932 1898 2180  319
2162 1998  243 2156 2022
2163 1815 2091 1934 2082
2164 1843 1935  303 1994
2165 2001 2119  373 1974
2166 1941  257 1993 1857
2167 2118 1879 2146 1962
2168 1943  253 2152 1846
2169 1847 1944  407 1988
2170 1859 1946  254 1987
2171 1860 1947  406 1986
2172 1948 2182 2149 1893
2173 1979 1882 1955 1992
2174 1997 1980 2178 2179
2175 2010  389 2238 2037
2176 1959 1822 1981  370
2177 1961 1886  408 1923
2178 2002  269 2030 2189
2179 2274 1964 2246 2028
2180 2179 2003 2041 1997
2181  267 1853 1965 2224
2182 2023 2018 2210 1966
2183 1909 1968  414 1984
2184 2016  255 2111 1983
2185 2123 1723 2145  323
2186  271 1978 1976 1858
2187 1974  374 1954 1854
2188 2011  251 1929 1823
2189 1911 1956 2143  250
2190 1987 2111  255 1951
2191 1996  270 2157 2052
2192 1984  414 2091 1920
2193 2008 2038  373 2119
2194 2036  434 2025 2039
2195  405 2114 1986 2039
2196  254 2033 2111 1987
2197 2032 1988  407 1999
2198 2035  435 2025  434
2199  254 1946 1990 2033
2200 2143 1980 2011 2120
2201 2034 2222 2192 2022
2202  260 1979 1992 2222
2203 2027  258 2031 2040
2204  241 2112 1993 2040
2205 2026  242 2031  258
2206 1995 2050 2155 2116
2207 1999  433 2045 2032
2208  407 2006 2043 1999
2209 2000 2049 2021 2261
2210 2301 2261 2044 1806
2211  253 2007 2051 2189
2212 2028 2246 2051 2188
2213 2028 2003  268 2274
2214  252 2005 2041 2188
2215  306 2018 2023 2004
2216  252 2188 2051 2007
2217 2117 2014 2038 2008
2218  433 2010 2037 2045
2219 2118 2012  290 1879
2220  323 1893 2013 2123
2221  435  388 1989 2017
2222 2018  306 2149 2210
2223 1992  244 2192 2222
2224 1881 2019 2226  259
2225 2155 2029 2197 2156
2226 2020 2209 2049 2000
2227 2261 2021  302 2044
2228 1998 2022 2192  244
2229  274 2004 2023 2163
2230  303 2009 2024 2046
2231 2039 2025 2115  405
2232 2050  242 2026 2196
2233  257 1994 2047 2027
2234 2047 1994  303 2046
2235 2188 2041 2003 2028
2236 2225 2226 2029 2196
2237 2189 2030 2152  253
2238  241 2040 2031 2113
2239 2157 1983 2111 2033
2240 2197 2034 2022 2156
2241 2037 2035  434 2045
2242 2014 2048 2238  389
2243 2039 1986  406 2036
2244 2040 1993  257 2027
2245 2020  259 2042 2209
2246 2225 2042  259 2226
2247 2044 1896 2321 1806
2248 2048 2014 2117  388
2249  258 2027 2049 2209
2250 2196 2026 2042 2225
2251 2002 2189 2051 2246
2252  466 2055  455 2058
2253 2068  480  492 2065
2254  451 1749 2077 2078
2255 2079 1791  229 1839
2256 2080 1752  240 1949
2257 2081 1790  447 1920
2258 2083 1751  238 2085
2259 2090  548  568  584
2260 1951 1872 2083 2085
2261 2090  584 2110  558
2262 1708 1897 2092 2093
2263 1717 2100 1693 2101
2264 2103 1867 2104 1953
2265  355 1773 2106 2107
2266 2107 2106 2137 1814
2267 2110  584 2128  631
2268 2122 1427 2144  201
2269  337 1708 2093 2124
2270 2130  632  613  590
2271 2131  264 2167 1341
2272  188  573 2132 2133
2273 2173  640 2133 2132
2274 2134  599  620  657
2275 1323 2121 2138 2139
2276 2140 1814 1719 2176
2277 1706 1820 2140 2141
2278 2145 1683 2181 1472
2279 2146 1879 2164 1782
2280  288 1962 2146 2147
2281 2155 2050 2196 2029
2282  243 2116 2155 2156
2283  552  571 2186  580
2284 2205 2167  264 2206
2285  673 2169  655 2221
2286  658 2170  611 2200
2287 2210 2149 2182  307
2288 2177 1379 2201 1390
2289  267 2224 2178 1956
2290 2224 1965 2179 2178
2291 2184 1291 2211 1223
2292 1851 2185 2250 1733
2293 1288 2139 2193 2194
2294 2197 2029 2226 2019
2295  728 2160 2203 2204
2296 2206  264 1227  296
2297 2208 1453 2245 1448
2298 2153 2199 1671  427
2299 1430 1419 2212 2239
2300 1235 1260 2215 2216
2301 2259 2216 1106 1136
2302 2195  653  194  663
2303 2220  657  683 2272
2304 1902 1403 2183 2223
2305 2210  307 1844 1966
2306  722  674 2228 2229
2307 2230 1198 1159 2305
2308 2273 2232 1257 1292
2309 2276 2235  269 2002
2310  774 2236  746 2240
2311  677  682  710  727
2312 2299 2254  745  773
2313 2255 2256  712  658
2314 2263 1164 2317 1265
2315 2264  296 1168 1205
2316 2265  633  630  661
2317 1621 2267 2268 1726
2318  294 1726 2268 2271
2319 2274  268 1863 1964
2320 2321 2284  276 1806
2321 1305 1333 2330 2286
2322 2289 2290  401 1452
2323 2329 2290 2289 2312
2324 2291 1672  318 1801
2325 2292 1731 2337 1710
2326 2257  705 2294  702
2327 2294 2295  771  702
2328  744  743  826 2298
2329 2302 2000 2261 2301
2330 2304 2334 2335 1326
2331 2306 2305 1240  198
2332 2290 1437 2308  401
2333  301 2326 2302 2301
2334 2344 1322  391 1656
2335 2317 1164 2391 1078
2336 2327  864 2401  954
2337 2328 1407 1433 2329
2338 2376 2334  351 1374
2339 1139 1252 2316 2356
2340 1420 2309 2355 1413
2341 2350 1370 1421 1441
2342 2357  385 1348 2350
2343 2359 1293 1270 2346
2344 2361 1309  299 2318
2345 2362  898  346  950
2346 2366  918 2374  314
2347  286 1420 1413 1398
2348 2367  377 1613 1259
2349 2424 2371 2423  326
2350 1105 1176 1184 2375
2351 2376 1374 2403 1308
2352 2379  833  886 2348
2353 2380  995 2412 1002
2354 1646 2351 1351  301
2355 1140 2386 2415 2416
2356 1052 1108 2389  379
2357 2393 1148 2406 1118
2358  865  920 2358  836
2359 1137 2371 2424 1278
2360 2397 1375 2414 1389
2361 1081 2442  976 2399
2362 1269 2452  359 2400
2363 2401  919  948 1029
2364 1619 2409  317 2450
2365 1299 2436 2411 2414
2366 2411 1451 1389 2414
2367 2443 2415 1224  326
2368 2419 1073 2437 1070
2369 1007  326 2423 2445
2370 2430 2425 1145 1112
2371 1169 1237 2425 2430
2372 1142 2426 2440  928
2373  944  981  917  926
2374 2400  359 2431 1324
2375 2429 1068 1034  998
2376 2417 1077 1082 1039
2377 1033 1024 2432 2433
2378 2449 2435 2433 2432
2379 2434  933  327  973
2380 1061 2438 2439  311
2381 2453 2451  949 2456
2382  895  928 2440 2451
2383 2454 1048 1065 2421
2384 2444 1067 1007 1044
2385  973 1007 2445 2446
2386 2451 2453  984  895