0	0.005
-0.00433	-0.0025
0	0
0.00433	-0.0025
-0.002508	0.004325
-0.004197	0.002717
-0.004973	0.000523
-0.002527	-0.001459
-0.001017	-0.000587
0	0.001281
0	0.002905
0.002887	-0.001667
0.001443	-0.000833
-0.0025	-0.00433
0	-0.005
0.0025	-0.00433
0.005	0
0.00433	0.0025
0.0025	0.00433
-0.00308	0.001964
-0.001769	0.002534
-0.003085	0.000482
-0.001468	0.000927
0.000004	-0.00193
-0.001379	-0.002961
0.000005	-0.003744
0.001386	-0.002964
0.001649	0.000949
0.003239	0.000273
0.003217	0.001849
0.001859	0.002667
-0.121429	-0.25
-0.107143	-0.25
-0.092857	-0.25
-0.078571	-0.25
-0.064286	-0.25
-0.05	-0.25
-0.035714	-0.25
-0.021429	-0.25
-0.007143	-0.25
0.007143	-0.25
0.021429	-0.25
0.035714	-0.25
0.05	-0.25
0.064286	-0.25
0.078571	-0.25
0.092857	-0.25
0.107143	-0.25
0.121429	-0.25
0.135714	-0.25
0.15	-0.25
0.164286	-0.25
0.178571	-0.25
0.192857	-0.25
0.207143	-0.25
0.221429	-0.25
0.235714	-0.25
0.25	-0.235714
0.25	-0.221429
0.25	-0.207143
0.25	-0.192857
0.25	-0.178571
0.25	-0.164286
0.25	-0.15
0.25	-0.135714
0.25	-0.121429
0.25	-0.107143
0.25	-0.092857
0.25	-0.078571
0.25	-0.064286
0.25	-0.05
0.25	-0.035714
0.25	-0.021429
0.25	-0.007143
0.25	0.007143
0.25	0.021429
0.25	0.035714
0.25	0.05
0.25	0.064286
0.25	0.078571
0.25	0.092857
0.25	0.107143
0.25	0.121429
0.25	0.135714
0.25	0.15
0.25	0.164286
0.25	0.178571
0.25	0.192857
0.25	0.207143
0.25	0.221429
0.25	0.235714
0.235714	0.25
0.221429	0.25
0.207143	0.25
0.192857	0.25
0.178571	0.25
0.164286	0.25
0.15	0.25
0.135714	0.25
0.121429	0.25
0.107143	0.25
0.092857	0.25
0.078571	0.25
0.064286	0.25
0.05	0.25
0.035714	0.25
0.021429	0.25
0.007143	0.25
-0.007143	0.25
-0.021429	0.25
-0.035714	0.25
-0.05	0.25
-0.064286	0.25
-0.078571	0.25
-0.092857	0.25
-0.107143	0.25
-0.121429	0.25
-0.135714	0.25
-0.15	0.25
-0.164286	0.25
-0.178571	0.25
-0.192857	0.25
-0.207143	0.25
-0.221429	0.25
-0.235714	0.25
-0.25	0.235714
-0.25	0.221429
-0.25	0.207143
-0.25	0.192857
-0.25	0.178571
-0.25	0.164286
-0.25	0.15
-0.25	0.135714
-0.25	0.121429
-0.25	0.107143
-0.25	0.092857
-0.25	0.078571
-0.25	0.064286
-0.25	0.05
-0.25	0.035714
-0.25	0.021429
-0.25	0.007143
-0.25	-0.007143
-0.25	-0.021429
-0.25	-0.035714
-0.25	-0.05
-0.25	-0.064286
-0.25	-0.078571
-0.25	-0.092857
-0.25	-0.107143
-0.25	-0.121429
-0.25	-0.135714
-0.25	-0.15
-0.25	-0.164286
-0.25	-0.178571
-0.25	-0.192857
-0.25	-0.207143
-0.25	-0.221429
-0.25	-0.235714
-0.25	0.25
-0.25	-0.25
0.25	-0.25
0.25	0.25
-0.235714	-0.25
-0.221429	-0.25
-0.207143	-0.25
-0.192857	-0.25
-0.178571	-0.25
-0.164286	-0.25
-0.15	-0.25
-0.135714	-0.25
-0.224196	-0.134139
0.22491	-0.162814
-0.224781	-0.023198
0.225726	-0.026659
-0.220601	0.029573
0.212231	0.023612
-0.22752	0.164913
0.224345	0.136142
0.00166	-0.032152
0.210239	-0.005306
0.180821	-0.001087
0.160152	0.000646
0.142278	0.004521
0.107184	0.003578
0.08065	0.000692
0.059802	0.000966
0.028256	0.002017
-0.193826	-0.024102
-0.168386	-0.02853
-0.118654	-0.03371
-0.082798	-0.030787
-0.058957	-0.030711
-0.030437	-0.029525
0.02946	-0.030114
0.058284	-0.031323
0.087237	-0.023242
0.112799	-0.023688
0.146004	-0.027246
0.165076	-0.028995
0.192394	-0.023335
-0.030387	-0.002341
-0.059591	0.001027
-0.080815	0.001033
-0.10876	-0.001761
-0.140033	-0.005715
-0.172909	-0.004713
-0.195728	-0.012251
-0.216459	0.000458
0.191751	0.024093
0.161833	0.026151
0.133116	0.025163
0.10806	0.026924
0.059536	0.029313
0.031223	0.030612
-0.003525	0.031875
-0.029558	0.028755
-0.060967	0.032811
-0.113052	0.026596
-0.141416	0.024978
-0.164653	0.01928
-0.188099	0.025966
0.217666	-0.216464
0.188481	-0.22252
0.161553	-0.225125
0.134601	-0.226027
0.107804	-0.225629
0.081306	-0.224883
0.055	-0.221968
0.029389	-0.213227
-0.002795	-0.2171
-0.028336	-0.222498
-0.054732	-0.225022
-0.081625	-0.22614
-0.108618	-0.22626
-0.1358	-0.225446
-0.163335	-0.224546
-0.190123	-0.226098
-0.216887	-0.218108
0.225281	-0.189213
0.192142	-0.19258
0.16589	-0.186758
0.133873	-0.20262
0.109123	-0.199012
0.084795	-0.199655
0.056647	-0.183787
0.027006	-0.193644
-0.006367	-0.186838
-0.026979	-0.193214
-0.054076	-0.184821
-0.085471	-0.202093
-0.109857	-0.202765
-0.134349	-0.201313
-0.170874	-0.202243
-0.193142	-0.194527
-0.221789	-0.188172
0.197912	-0.162128
0.170755	-0.170708
0.146786	-0.162888
0.110639	-0.17218
0.084864	-0.172745
0.060555	-0.161506
0.03347	-0.167546
-0.000351	-0.158406
-0.025025	-0.165262
-0.057448	-0.157693
-0.07547	-0.165013
-0.104576	-0.168406
-0.141603	-0.176976
-0.164708	-0.170281
-0.193738	-0.16932
-0.223359	-0.160997
0.22515	-0.108007
0.200638	-0.108883
0.165002	-0.107217
0.144129	-0.113987
0.112661	-0.119623
0.077518	-0.112812
0.05464	-0.110799
0.025797	-0.114809
-0.002273	-0.112889
-0.026194	-0.115903
-0.053353	-0.112116
-0.072386	-0.117992
-0.120033	-0.117333
-0.14279	-0.112407
-0.165609	-0.118609
-0.197825	-0.107088
-0.223709	-0.107159
-0.181713	-0.140084
-0.162446	-0.140274
-0.131981	-0.143589
-0.08274	-0.141346
-0.062557	-0.145535
-0.028974	-0.140631
-0.003037	-0.143079
0.033573	-0.136593
0.054951	-0.141476
0.085844	-0.130166
0.111811	-0.145681
0.139579	-0.133848
0.174713	-0.131269
0.199409	-0.134795
0.22492	-0.135584
0.225146	-0.08049
0.197248	-0.08229
0.1679	-0.084628
0.140207	-0.076236
0.116354	-0.092502
0.081806	-0.083688
0.051406	-0.084177
0.029899	-0.086739
0.002469	-0.086715
-0.029169	-0.084696
-0.05706	-0.077089
-0.089133	-0.080321
-0.112611	-0.080808
-0.133606	-0.091847
-0.170073	-0.084126
-0.194712	-0.083635
-0.220887	-0.081296
0.225899	-0.053413
0.190213	-0.054981
0.166275	-0.050917
0.143065	-0.053783
0.107295	-0.054942
0.080741	-0.058349
0.05599	-0.052579
0.031089	-0.061648
0.002014	-0.054563
-0.030995	-0.050941
-0.057812	-0.052566
-0.08502	-0.064399
-0.112867	-0.05525
-0.141407	-0.053488
-0.170146	-0.044331
-0.198189	-0.050534
-0.222932	-0.055525
0.221999	0.081865
0.194032	0.086423
0.164402	0.078898
0.136969	0.082547
0.110239	0.084136
0.08507	0.084958
0.061458	0.076166
0.028813	0.080446
0.002648	0.087352
-0.024739	0.085321
-0.05106	0.096058
-0.113863	0.07968
-0.137904	0.072383
-0.17601	0.081031
-0.197463	0.085222
-0.219031	0.083091
-0.224101	0.054242
-0.186752	0.045099
-0.159737	0.052268
-0.137556	0.056949
-0.117587	0.059557
-0.089378	0.048891
-0.054797	0.058484
-0.032252	0.053146
-0.001231	0.062395
0.02775	0.061665
0.054169	0.059964
0.082409	0.054873
0.114542	0.053199
0.132933	0.049976
0.160016	0.054366
0.190586	0.060592
0.217862	0.0555
0.223619	0.108939
0.184301	0.11262
0.166568	0.106374
0.137749	0.10646
0.109806	0.110332
0.08574	0.119047
0.057589	0.113142
0.034735	0.110894
0.008442	0.113367
-0.026887	0.115684
-0.052352	0.11564
-0.08691	0.107405
-0.109759	0.109083
-0.142822	0.107558
-0.195937	0.118482
-0.223256	0.110368
0.196303	0.152331
0.168521	0.137445
0.147766	0.136213
0.110208	0.140999
0.085471	0.145216
0.059395	0.147722
0.022964	0.137041
0.005119	0.134372
-0.033245	0.135978
-0.062438	0.145884
-0.084624	0.144613
-0.116934	0.138212
-0.141728	0.136998
-0.166547	0.145763
-0.201009	0.140817
-0.225222	0.137691
0.222768	0.188991
0.193454	0.192767
0.164351	0.19739
0.13623	0.192945
0.108263	0.195315
0.080848	0.191825
0.05259	0.196938
0.027691	0.197313
0.003472	0.195646
-0.021807	0.188548
-0.051712	0.194359
-0.075368	0.195098
-0.11406	0.196699
-0.137227	0.201315
-0.168357	0.190079
-0.192509	0.194603
-0.228356	0.189221
-0.190493	0.166086
-0.169381	0.166612
-0.141422	0.177626
-0.11338	0.15814
-0.08516	0.171791
-0.057059	0.168773
-0.033017	0.167132
0.000936	0.156421
0.030714	0.160016
0.051753	0.171452
0.082758	0.170956
0.113388	0.156678
0.147712	0.159448
0.171767	0.172473
0.188845	0.165488
0.224918	0.162401
0.216581	0.217882
0.189317	0.225261
0.162837	0.224101
0.135453	0.222933
0.107627	0.222771
0.079632	0.222796
0.051952	0.223444
0.024742	0.223296
-0.001088	0.220434
-0.029807	0.216748
-0.052371	0.223154
-0.079543	0.217315
-0.108845	0.222858
-0.135743	0.225572
-0.162437	0.226002
-0.189157	0.223673
-0.218215	0.216528
-0.008689	0.002527
-0.006799	0.00629
0.006809	-0.006068
-0.007264	-0.007129
0.002389	-0.009084
-0.0021	-0.009447
0.006134	0.006192
0.008915	-0.002276
0.008047	0.002875
0.001793	0.008362
-0.002522	0.009104
-0.008912	-0.002626
-0.011616	0.007627
-0.007013	0.010801
-0.000281	0.01111
0.000295	-0.012152
0.004516	-0.007459
0.010284	-0.005517
0.008377	0.000314
0.009109	0.006014
0.003851	0.00695
-0.004659	-0.00823
-0.012035	0.000206
-0.010568	-0.00622
0.008122	-0.008728
0.004635	-0.011868
0.010482	0.002973
0.01273	-0.001389
0.003709	0.010611
-0.003687	-0.012348
-0.01238	-0.002286
-0.010866	0.011072
-0.012097	0.002383
0.000591	0.016283
0.013767	0.0084
0.006583	-0.010187
-0.006227	-0.012005
0.014238	-0.004617
0.011523	0.001194
0.003017	-0.014695
0.004841	0.009011
-0.014865	-0.001706
-0.013958	-0.005104
-0.004821	0.012536
-0.013367	0.010242
-0.01478	0.005845
-0.002266	0.014364
0.006718	-0.013698
0.016417	0.000443
0.01157	-0.009846
0.005229	0.015017
-0.002295	-0.015851
0.010502	0.010274
-0.012884	-0.01001
-0.01692	-0.003401
-0.00427	0.017703
-0.001278	0.019621
-0.010343	0.013871
0.019468	0.002885
0.015461	0.011497
0.001372	-0.018511
0.015663	-0.008339
0.00902	-0.012718
-0.006617	-0.015851
0.006193	0.012013
-0.016463	-0.008257
-0.018049	0.011982
-0.01533	0.000242
-0.020231	0.002691
-0.012717	0.017932
-0.003218	0.022392
-0.014586	0.01322
-0.018464	0.005461
0.006591	0.020141
0.017638	0.00667
0.014548	-0.014242
0.006347	-0.016597
0.013805	0.014832
-0.015476	-0.014007
-0.018987	-0.000714
0.019136	-0.003174
-0.003749	-0.020539
-0.016445	0.016661
-0.00938	0.01961
0.001506	0.022128
0.022018	0.004567
0.005156	-0.020633
-0.021525	0.010534
-0.020098	0.015283
0.010878	-0.017201
0.018738	0.011365
0.00933	0.016659
0.018285	-0.01204
-0.019414	-0.011697
-0.011326	-0.016499
0.022296	0.000272
-0.000329	-0.023106
-0.022911	-0.002956
-0.023276	0.005786
0.003602	-0.025638
0.024712	0.003402
-0.006225	0.021493
0.022504	-0.009571
-0.02357	0.013684
-0.006331	-0.024397
-0.025438	0.000293
-0.018741	0.020285
0.022078	0.007424
0.009	-0.022135
0.008883	0.021972
0.0148	0.019921
0.017614	-0.017878
-0.023313	-0.009078
-0.018615	-0.017815
-0.01521	-0.020513
0.00487	0.024359
-0.011378	0.023032
-0.025114	0.008797
-0.021656	-0.021647
0.026077	-0.001559
0.00857	0.025738
-0.001913	0.026481
-0.002889	-0.027916
-0.027092	-0.005974
0.012164	0.025544
-0.016679	0.024991
-0.027889	0.003791
-0.022609	-0.015427
-0.022571	0.018865
0.024549	-0.01404
-0.012414	-0.02399
0.014784	-0.02053
-0.029491	0.014753
0.02623	0.007031
0.007597	-0.026967
-0.007955	0.026114
0.027725	-0.009935
-0.006425	-0.03175
-0.013542	0.025462
-0.021046	0.024403
-0.033454	0.001883
-0.026949	-0.012832
0.003097	0.029316
0.022896	0.011447
-0.018338	-0.023957
0.012732	-0.024092
-0.029672	0.010191
0.019128	0.020109
-0.028999	0.020665
0.028339	-0.006555
0.020578	-0.021286
-0.008132	0.030953
-0.035767	-0.005891
0.023851	-0.019573
0.030401	0.005991
0.007103	-0.032318
-0.025704	-0.019596
-0.005586	0.036372
0.02447	0.021829
0.033355	-0.011095
0.026593	-0.02394
0.001154	0.034608
0.008171	0.031481
0.027482	0.011128
0.015575	0.024586
-0.031454	-0.009752
0.011399	-0.028022
-0.017348	0.028941
0.032064	-0.007506
0.023795	0.016116
0.017974	-0.023396
0.034882	0.004598
-0.003208	-0.03623
-0.012834	0.028082
0.004122	-0.039148
-0.025595	0.023094
-0.032928	0.011863
-0.013261	-0.031113
0.031293	-0.015215
-0.035771	0.007122
-0.030441	-0.017298
-0.039851	-0.001214
-0.01062	-0.035385
0.032276	0.0103
0.007026	0.039293
-0.017186	0.032901
0.036915	-0.001346
0.01112	-0.032248
-0.022712	0.02926
-0.041103	-0.010593
-0.033018	0.024198
-0.035732	-0.014527
-0.019679	-0.030013
-0.034966	0.020736
0.03068	-0.021992
-0.042532	0.004014
0.037622	-0.007565
0.028777	0.015704
-0.007811	-0.039968
-0.028344	-0.02436
0.030226	0.020471
0.00119	0.042618
0.021298	0.026262
0.014918	-0.029481
-0.011453	0.038355
0.022999	-0.025058
0.01749	0.029453
-0.036523	0.015155
-0.037327	0.031178
-0.025111	-0.03158
0.03246	-0.026233
0.007625	0.048055
-0.044274	0.008524
-0.05002	0.002487
-0.017742	-0.034352
-0.033253	-0.022454
-0.012418	0.034226
0.027939	0.026972
-0.000408	-0.041636
-0.005147	0.042372
0.039784	0.002749
-0.045442	-0.016326
0.035774	0.019745
0.041007	-0.010361
0.036756	-0.019893
0.019576	-0.028519
-0.047601	-0.0053
0.02073	0.034621
0.039498	-0.014431
0.013915	-0.032094
0.015445	0.039793
0.03408	0.01494
-0.040017	0.020017
-0.022884	0.034087
0.006463	-0.044804
-0.03519	-0.028
0.032097	0.024994
-0.010823	0.04337
0.037238	-0.026655
-0.055545	-0.004857
-0.029417	0.035105
0.041688	-0.004094
-0.012463	-0.04354
0.028689	0.034224
0.03724	0.009049
0.012702	-0.036753
-0.045141	0.015675
0.002075	-0.046741
-0.027673	-0.039044
0.041459	0.019074
-0.03973	-0.020783
-0.032588	-0.034689
0.014163	0.048905
-0.038692	0.026014
0.019599	-0.03894
0.02311	0.044328
0.04619	-0.015551
-0.051657	-0.012809
-0.016013	0.037254
0.044801	-0.021672
-0.022757	-0.03708
-0.050728	0.010351
-0.009585	-0.048716
0.00169	0.048624
-0.021029	-0.0428
0.0357	0.033108
-0.044736	0.022626
-0.044698	0.032511
0.042546	0.007402
0.036046	-0.032237
0.037304	0.024695
0.033424	0.028258
0.039479	0.013901
0.047108	-0.008645
0.015552	-0.041764
0.043869	-0.028081
-0.058752	-0.010233
0.00658	0.055816
0.021474	0.051497
-0.014724	0.045357
0.02896	-0.038562
-0.022288	0.038992
-0.049518	-0.021857
-0.003595	0.048692
0.052165	-0.023264
-0.001959	-0.050233
0.025852	0.038817
-0.014423	-0.05194
0.008076	-0.050289
-0.05478	0.017405
-0.059323	0.014674
0.033921	0.037329
0.043286	0.024831
0.000545	0.055408
0.050765	-0.002624
-0.036612	0.036794
0.037596	0.029246
-0.008546	0.04732
0.024106	-0.044105
0.053694	-0.016909
-0.045237	-0.025252
0.030387	0.047574
0.040188	0.034988
0.042646	-0.034616
-0.05528	-0.019196
-0.038713	-0.034599
-0.052667	0.032907
0.004166	-0.050545
0.034981	-0.037212
-0.023578	-0.048665
-0.028716	0.040837
-0.065446	-0.006617
-0.021319	0.043966
0.014499	-0.056627
-0.069079	0.004113
0.050975	0.010827
0.051039	-0.029795
-0.027266	-0.043651
0.012903	0.056906
0.040612	0.040222
0.051924	0.030551
0.029596	0.054612
0.007748	-0.056317
0.028914	-0.050412
-0.005295	0.054769
-0.015539	0.05184
0.034056	-0.045591
-0.051965	0.026487
-0.044305	0.038325
-0.062345	-0.016989
0.057547	-0.004821
0.059443	-0.024859
0.022957	-0.05644
-0.037287	-0.04012
0.049992	-0.036525
-0.035822	0.042822
0.046997	0.038204
-0.027485	0.046574
-0.006492	-0.054482
0.004993	0.063253
0.040534	-0.041563
0.037909	0.048916
0.047449	0.018031
0.05389	0.003068
-0.073021	-0.00301
-0.043652	0.044818
0.063034	0.006689
0.034971	-0.055845
0.064867	-0.00621
-0.010746	0.053643
-0.019327	0.048616
0.003445	0.070646
0.057157	0.008914
-0.052627	0.03926
0.013723	-0.063612
0.006332	-0.062768
-0.012202	-0.057755
0.018151	0.065975
0.049814	0.044196
-0.05782	-0.025457
-0.001898	-0.061361
0.020988	-0.065292
-0.069963	-0.014412
0.05388	0.036874
-0.045056	-0.039368
-0.007544	0.061485
0.066362	-0.026304
0.038901	-0.050992
-0.076831	0.007212
0.061195	-0.018491
0.039871	0.057382
0.049057	-0.043174
-0.060514	0.024332
-0.034451	0.048644
0.056409	0.022608
0.057658	-0.03812
0.066682	0.026512
-0.069962	0.026821
-0.072527	0.020336
0.01252	-0.070124
0.041926	-0.060499
-0.029809	0.061302
0.066135	-0.000356
0.068053	-0.020285
0.009816	0.071229
0.028262	-0.06875
-0.009805	-0.064359
0.04821	0.053493
0.062989	0.037505
-0.064792	-0.024487
-0.042886	0.052872
0.07282	-0.022365
0.036109	0.065402
-0.068117	0.032364
-0.019825	-0.054193
-0.054583	-0.034821
0.025312	0.068999
0.065763	-0.032462
-0.066968	0.010916
-0.040883	-0.046472
-0.001114	-0.070347
0.057141	-0.045293
0.060233	0.01462
-0.077556	-0.01046
0.048128	-0.049523
-0.036448	0.058153
-0.074684	0.013666
-0.019598	0.057414
0.067929	0.018187
0.073142	-0.026968
-0.02816	-0.061521
0.073013	0.000112
0.059272	0.04478
-0.08126	0.022919
-0.052668	-0.027561
0.047856	0.064207
0.018801	-0.072545
0.002486	0.078582
0.054446	0.049648
-0.051919	-0.042556
-0.027065	-0.047611
0.071546	0.033092
-0.00821	-0.071989
0.016123	0.072582
0.065543	-0.039052
-0.034319	0.068348
-0.074316	-0.024244
0.05308	-0.059345
-0.061566	-0.038429
0.03273	0.072915
0.065677	-0.046516
-0.085719	-0.005679
0.005829	-0.069786
0.03838	-0.06614
-0.01007	0.06893
-0.016946	0.067132
0.035956	-0.072837
0.015447	-0.078853
0.079984	-0.006168
0.068431	0.012386
-0.037664	-0.056439
-0.073323	0.038203
-0.064333	-0.031972
-0.017249	-0.066638
0.022228	0.076018
-0.006923	-0.080222
0.000115	-0.078626
-0.058986	-0.045228
-0.049343	-0.050162
0.044557	-0.069326
0.073825	-0.045735
0.06124	-0.064108
0.043953	0.070297
0.066496	-0.055956
-0.039149	0.075144
-0.071485	-0.034019
-0.082252	-0.018056
-0.094223	-0.000159
0.009068	0.07824
0.073033	0.022295
0.053348	0.068931
0.0775	0.016473
0.013667	-0.089349
-0.064995	-0.046645
-0.022689	-0.075735
-0.039086	-0.064681
0.072441	0.006688
0.025406	-0.076148
-0.047463	-0.058726
0.01424	0.077664
0.072064	-0.014092
-0.093742	-0.019329
-0.068305	-0.041436
-0.032526	0.079725
-0.062615	0.040671
-0.014067	-0.081019
0.049072	-0.06534
-0.027649	0.072138
0.052039	0.07458
0.075488	-0.052554
-0.006364	-0.090305
0.04549	-0.076745
0.010536	0.085521
-0.099337	-0.016215
-0.088196	0.006372
-0.047728	0.061096
-0.012549	0.077275
0.069469	-0.06927
-0.060853	0.055628
-0.020548	0.075491
-0.074406	-0.046083
0.077556	-0.019477
-0.044681	0.081498
0.021456	-0.084411
-0.046235	-0.068827
-0.072935	0.055995
0.023231	0.089055
0.006599	-0.094148
0.032857	-0.079695
-0.004678	0.078315
-0.029603	-0.071289
0.074524	-0.063308
-0.045544	0.071214
0.081711	-0.04507
-0.08291	0.009976
-0.000852	-0.099064
-0.078762	-0.038339
-0.103979	-0.020566
0.076804	0.039895
0.060778	0.055608
-0.01926	-0.090588
-0.101901	0.006517
-0.100388	-0.008859
0.081864	0.009428
0.040594	0.077299
-0.056323	-0.060447
-0.094213	-0.030071
-0.066497	0.06163
0.013203	0.092649
0.086383	-0.053308
-0.109223	-0.01561
0.005069	-0.107079
-0.050981	0.087403
0.036151	-0.089067
-0.038954	0.086355
-0.090357	-0.03634
0.040329	-0.084123
-0.067895	-0.053652
-0.014419	0.086112
0.018058	-0.09589
-0.083697	0.040782
-0.083136	0.01571
0.082414	-0.038689
0.069808	0.044022
-0.021323	-0.102361
0.055758	-0.07221
0.033016	0.092584
0.086704	0.036395
-0.064969	-0.062588
0.077016	-0.073972
0.069778	0.063536
0.04951	0.081798
0.088396	0.000102
-0.093971	0.015159
-0.033609	0.091782
0.045941	-0.090575
0.074313	0.048646
-0.050148	0.077404
0.052894	0.092689
0.003837	0.098339
-0.086818	0.033463
0.02877	-0.094324
-0.076779	-0.059136
0.09478	-0.057461
-0.00838	-0.104817
-0.092183	0.043813
0.087874	-0.00703
0.090535	0.015662
0.081835	-0.068759
0.01197	-0.10141
-0.062288	-0.068955
0.093291	0.028313
0.080131	0.047048
-0.098573	-0.041092
0.027473	0.108956
0.03682	0.084766
-0.116029	-0.009999
-0.110331	0.012776
-0.028698	-0.094387
0.073477	-0.032808
-0.052294	0.067812
-0.078114	0.03028
0.079349	-0.011584
0.080122	-0.025538
-0.04548	0.092162
-0.038848	-0.076427
-0.076908	0.06362
0.085343	0.022237
0.090195	-0.030326
-0.059498	0.064998
-0.040545	0.099607
-0.02289	0.095217
0.024571	-0.101535
-0.099527	0.029349
0.097209	0.001269
0.011764	0.104288
-0.005491	0.087158
-0.093141	0.055181
0.095086	0.0091
-0.026921	-0.106825
0.087063	-0.063349
0.09359	-0.038685
-0.055509	-0.068781
-0.094114	-0.04828
-0.108067	-0.02711
0.093121	0.051315
0.096012	0.04122
-0.040468	-0.099451
0.038121	0.103765
-0.091078	0.061884
0.085432	-0.015306
-0.104195	0.020945
0.072022	0.075096
0.097974	-0.025875
0.038121	-0.097281
-0.12269	-0.019319
-0.117074	0.004577
0.058308	-0.089924
-0.016234	-0.11054
-0.095605	0.037062
-0.108188	0.034194
-0.109571	-0.03538
-0.095595	0.067083
0.098079	-0.06564
-0.031878	0.103527
0.032252	-0.106793
-0.014968	0.094558
0.08993	-0.074978
-0.090518	0.025283
-0.009304	0.104514
-0.099371	0.048667
0.018552	-0.108308
0.097273	-0.007131
0.02239	0.098699
-0.001242	0.110586
-0.086374	0.072687
0.099309	0.020899
-0.062559	0.087052
0.019776	0.107082
-0.073391	0.070528
-0.066712	-0.076193
0.046479	-0.104523
0.103557	-0.03206
-0.101462	-0.052795
0.070313	-0.087272
-0.041197	-0.091216
0.042109	0.096699
0.07301	0.085941
0.08318	0.064002
0.052646	0.102009
-0.009889	-0.118841
-0.13098	-0.012755
0.102481	0.043958
0.041418	0.119155
-0.115013	-0.023931
0.095653	0.062701
0.104379	0.013083
-0.124094	-0.003842
-0.022469	0.105386
-0.014733	0.110776
0.040101	-0.112973
-0.035202	0.112526
-0.132565	0.002881
-0.112026	0.046594
0.045276	0.108696
0.065589	-0.076067
-0.073775	0.081051
-0.057552	0.102366
-0.09464	0.076846
-0.107695	0.054146
0.095208	-0.015394
0.066046	-0.094813
0.011732	-0.114857
-0.037522	-0.111049
0.074532	0.096663
0.072886	0.054515
-0.129179	-0.030551
0.111573	0.04688
-0.046574	-0.104632
-0.108804	-0.04558
-0.097048	-0.060507
0.091288	-0.084865
0.025475	0.117686
-0.066659	-0.088374
0.118085	0.007397
-0.017351	-0.124887
0.004537	-0.121239
0.08416	0.074269
0.018874	-0.122318
-0.080397	-0.07251
0.032851	0.127862
-0.13708	-0.021235
-0.125489	0.010973
0.11835	-0.033174
0.101276	0.033837
-0.148346	-0.015611
0.104517	-0.085393
0.059871	0.067176
-0.058914	0.047009
0.107676	0.039781
-0.138955	-0.033989
-0.101491	0.073493
-0.120126	-0.044149
-0.049866	0.101497
0.066626	0.109685
-0.111026	0.068989
-0.050061	0.108285
-0.080392	0.094095
-0.06834	0.09861
0.033337	-0.121428
-0.052739	-0.096222
0.078995	-0.091184
0.09752	0.084465
0.088605	-0.094415
-0.106413	-0.057125
0.1204	-0.002218
0.116035	0.019012
-0.072475	-0.067266
-0.032263	-0.125246
-0.077887	-0.086728
-0.010075	0.12172
0.024098	0.127026
-0.002739	-0.127411
0.017257	0.115905
-0.009674	-0.133015
-0.097937	0.09102
-0.156632	-0.005764
0.122683	0.052482
0.103841	-0.018261
0.042004	0.127926
-0.118915	0.018805
0.121632	-0.052994
-0.041252	0.12274
0.011709	-0.129438
-0.051524	0.051979
-0.077277	0.103311
0.013917	0.135896
-0.146919	-0.034696
0.108609	-0.007498
-0.055857	0.107716
-0.045386	0.115991
-0.1231	-0.06406
0.074588	-0.099414
-0.090687	0.091444
-0.093456	-0.069181
-0.113672	-0.06419
-0.049932	-0.07646
0.048076	-0.119468
-0.121207	0.032026
0.093065	-0.108685
-0.01349	-0.149607
-0.065957	-0.103009
-0.018515	0.119191
0.099194	-0.097929
0.131403	0.001527
-0.030783	0.125831
0.061111	0.124468
0.015424	0.125585
-0.042223	-0.119074
0.08579	0.095751
0.096851	0.073417
-0.016056	-0.138351
-0.053522	0.124287
0.142507	-0.005896
0.109615	-0.103091
-0.088823	0.098196
-0.023572	-0.13206
-0.102243	-0.08869
-0.060074	0.113173
0.069038	-0.107786
0.040937	-0.128109
-0.021392	0.128618
-0.042975	0.134342
-0.116412	0.039153
0.126468	0.017901
0.142515	0.017155
-0.081492	-0.098362
-0.129986	-0.043323
-0.152887	-0.034746
0.021794	0.147918
0.1183	-0.06192
-0.037624	-0.134047
0.026254	-0.129548
0.005613	-0.15162
-0.12704	0.024857
0.049309	0.11693
0.122827	0.061929
0.119843	0.043335
0.097731	0.095735
0.070387	0.120431
-0.046565	-0.127376
-0.148862	0.018153
0.073578	-0.08032
-0.107221	0.090347
0.109308	0.060801
-0.09845	0.099841
0.114798	-0.01393
-0.098066	0.109841
0.123304	0.029853
-0.108762	0.099456
-0.124525	0.043801
-0.065129	0.106663
0.103051	-0.113741
-0.089914	-0.111382
0.14972	-0.00348
0.056202	-0.125954
0.151944	0.004252
-0.057451	-0.121328
-0.159672	-0.021418
-0.15647	-0.040757
0.004459	-0.136294
-0.015743	-0.156942
0.003233	0.145208
0.031521	0.14849
0.064344	0.137384
0.096867	0.10661
-0.156664	0.010692
0.125683	-0.028161
-0.148594	0.032968
0.110405	0.096332
0.077104	0.130806
-0.003503	0.132819
0.127372	-0.09866
0.160078	-0.012559
-0.073366	0.11268
-0.127678	0.053047
-0.134505	0.031104
-0.083986	0.117845
-0.11718	0.088794
-0.165601	-0.013118
0.077369	-0.124398
0.123015	0.072296
0.129026	0.039688
0.145801	-0.015968
0.125021	-0.040587
0.052219	0.137275
0.0067	0.123835
0.136204	0.071161
-0.092406	-0.092063
-0.093499	-0.126134
0.155582	0.014587
0.11491	0.034764
0.12367	-0.082849
0.119666	-0.108998
0.012105	-0.144657
-0.162938	-0.035592
-0.020879	-0.145817
0.010454	0.158282
0.032264	0.137771
-0.140883	0.038042
0.123391	0.083611
0.101056	0.120184
-0.0594	-0.129885
0.065171	-0.132902
0.165805	-0.019742
-0.098292	-0.10061
-0.066418	0.122958
0.01885	0.171596
-0.014596	0.140915
-0.177016	-0.036433
-0.097444	0.122609
0.148972	-0.035896
0.13704	-0.105485
-0.120109	0.097774
-0.122568	0.078202
0.093006	-0.12984
0.070697	-0.121204
0.128628	-0.114982
0.155548	-0.02447
0.135213	-0.088151
0.139339	0.035385
0.068697	-0.143948
-0.15472	0.041983
0.033368	-0.151958
-0.080347	-0.129947
0.147269	0.057725
-0.033757	-0.15055
0.123695	0.095551
0.106667	0.128596
0.01245	-0.160002
-0.129737	0.064823
-0.08978	0.134026
-0.134021	0.094614
-0.005673	0.143264
-0.079047	0.12847
0.060139	-0.148718
0.076812	-0.132378
0.166959	-0.004294
0.122006	-0.125165
0.139802	-0.040764
0.150043	0.03051
0.02979	0.172155
0.0628	-0.11651
-0.182682	-0.027624
-0.095029	-0.138727
0.144041	0.046565
0.149311	0.069122
-0.002717	-0.172056
0.11557	0.12286
0.15579	0.042592
0.126012	0.11906
0.060726	-0.102637
-0.07494	0.139412
-0.104863	0.132584
-0.132802	0.1059
0.070895	-0.153922
0.047185	-0.149919
0.130721	-0.130193
0.161637	-0.040615
0.134367	-0.031353
0.165943	0.010331
0.186422	-0.007322
-0.109387	-0.125122
-0.174249	-0.020499
-0.19343	-0.033524
-0.017222	0.151188
-0.015109	-0.165503
0.011408	-0.175698
0.040818	0.1721
0.017168	0.184058
-0.138731	0.064653
-0.120263	-0.128097
0.015608	0.1966
-0.206945	-0.03509
-0.109478	0.138814
-0.147139	0.098769
-0.122918	0.117301
0.048333	-0.134771
0.053547	-0.156088
-0.147956	0.05509
-0.12956	0.07095
-0.105744	-0.113483
-0.008258	0.154033
0.124279	0.10767
0.174115	0.004905
0.179264	-0.014306
-0.187985	-0.01927
-0.186973	-0.044215
0.040433	0.18473
0.041178	0.159977
0.005523	0.182925
0.047344	-0.164635
-0.114639	0.129057
0.05184	0.159319
-0.002029	0.168236
-0.118351	-0.105745
0.18331	-0.024709
0.182279	0.014393
-0.157109	0.104118
-0.149286	0.064615
-0.116072	0.147921
0.064022	-0.154598
0.189655	0.007042
0.040303	-0.158576
-0.129616	-0.110328
0.026372	0.210187
-0.203862	-0.028406
-0.180903	-0.012344
0.052052	0.184228
0.061898	-0.174397
-0.127561	0.137889
-0.111324	0.119313
0.054764	-0.1699
-0.150484	0.112082
-0.16579	0.094693
-0.106739	0.145559
-0.126435	0.149291
-0.181172	0.003333
0.171368	-0.033969
-0.131787	-0.117886
0.195401	-0.000974
-0.215173	-0.035326
-0.201018	-0.020133
0.013966	0.209306
0.039977	0.197484
-0.137465	0.151166
-0.14032	-0.121514
-0.125534	0.127508
-0.093921	0.150063
-0.163879	0.111399
0.040949	-0.173915
0.06194	0.17077
-0.123855	-0.135381
0.1997	-0.010189
0.205948	0.005514
-0.08016	0.155233
-0.147639	0.154744
-0.123734	0.160755
-0.154723	-0.115739
-0.145407	0.119932
0.063874	0.1574
-0.17561	0.104398
-0.175107	0.115084
-0.152239	0.143938
0.080298	0.154516
-0.152481	-0.128289
-0.144437	-0.103094
-0.136514	0.125422
-0.157708	0.157404
-0.181496	0.119387
0.071654	0.147416
-0.187775	0.110553
-0.132138	-0.100933
-0.19633	0.101902
-0.157295	0.169711
-0.188024	0.131381
-0.186193	0.093183
-0.120924	-0.09827
-0.177282	0.143039
-0.158113	0.18392
-0.207838	0.11149
-0.138828	0.189459
-0.211966	0.100129
-0.199476	0.129056
-0.131015	0.175051
-0.149084	0.191401
-0.14867	0.202548
-0.128133	0.187116
-0.172745	0.176781
-0.136267	0.213379
-0.120548	0.172342
-0.180145	0.173954
-0.11007	0.16918
-0.125691	0.199373
-0.14877	0.214197
-0.103419	0.154766
-0.121319	-0.150578
-0.081632	-0.051221
0.18147	-0.043749
0.065377	-0.186747
0.219696	-0.233949
0.234035	0.219826
-0.220036	0.234188
-0.234867	-0.205219
-0.037065	0.23472
-0.080016	-0.238168
-0.052154	-0.237605
-0.010503	-0.234667
-0.237483	-0.035428
-0.234961	-0.079076
-0.12187	-0.238043
-0.163745	-0.237583
0.037202	-0.233027
0.079114	0.2366
0.051016	0.236811
0.00896	0.235865
0.079759	-0.237483
0.228131	0.03442
0.237616	-0.121639
0.149127	-0.237928
0.191085	-0.236131
0.237417	-0.19119
0.237655	-0.163523
0.237778	-0.079554
0.238073	-0.051737
0.236987	-0.009943
0.235912	0.079914
0.237536	0.149612
0.23625	0.191335
0.191165	0.237355
-0.079389	0.234862
-0.230445	0.008639
-0.23725	0.122431
-0.149518	0.238082
-0.191455	0.236712
-0.238841	0.19145
-0.239006	0.164215
-0.235611	0.080827
-0.236882	-0.107019
-0.237143	-0.148933
-0.236692	0.052356
-0.191569	-0.237712
0.107414	-0.238
0.236932	0.107916
0.121456	0.236565
-0.107585	0.236421
0.163403	0.237217
0.234739	-0.23456
0.205303	-0.234967
0.177068	-0.236999
0.163101	-0.2376
0.135179	-0.2381
0.12126	-0.238108
0.093585	-0.237839
0.06588	-0.236778
0.051835	-0.235434
0.020098	-0.228267
0.003798	-0.232359
-0.024416	-0.236079
-0.038266	-0.237018
-0.066064	-0.237972
-0.093952	-0.238252
-0.107908	-0.238237
-0.135861	-0.237843
-0.149854	-0.23764
-0.177624	-0.237802
-0.205789	-0.236731
-0.219889	-0.23496
0.234608	0.234786
0.235087	0.205497
0.23706	0.177365
0.237499	0.16343
0.237398	0.135816
0.237185	0.121901
0.236546	0.093911
0.234753	0.065833
0.232567	0.051258
0.232804	0.018437
0.235438	0.004115
0.237777	-0.023902
0.238085	-0.037817
0.237943	-0.065637
0.237702	-0.093529
0.237684	-0.107577
0.237607	-0.13566
0.237618	-0.149634
0.237688	-0.177353
0.236407	-0.205385
0.234699	-0.219581
-0.23491	0.234705
-0.20567	0.235394
-0.17743	0.237573
-0.163457	0.238014
-0.13558	0.237819
-0.121613	0.237259
-0.093399	0.235432
-0.065316	0.235789
-0.051185	0.236038
-0.021159	0.230474
-0.005294	0.234238
0.022977	0.236563
0.036977	0.236804
0.06508	0.236704
0.093181	0.236532
0.107359	0.236515
0.135499	0.236699
0.149458	0.236928
0.177284	0.23747
0.205381	0.236436
0.219626	0.234757
-0.23402	-0.219821
-0.235773	-0.190845
-0.236431	-0.176748
-0.23686	-0.162823
-0.237235	-0.134968
-0.237174	-0.120974
-0.236229	-0.093128
-0.232492	-0.063921
-0.236629	-0.048992
-0.236877	-0.021767
-0.234793	-0.007636
-0.234398	0.024139
-0.236226	0.038267
-0.236207	0.066615
-0.236344	0.09463
-0.236849	0.108551
-0.237742	0.13648
-0.238321	0.150474
-0.239483	0.177658
-0.237086	0.205495
-0.235007	0.219699
-0.123258	-0.081738
0.03928	0.210418
-0.123749	0.21185
-0.210577	-0.015508
-0.179046	0.154537
-0.191085	0.076511
-0.211276	0.12582
-0.157164	-0.105427
0.086077	0.106591
0.212881	-0.017123
0.181094	0.032206
-0.044306	0.144965
-0.179598	-0.056121
-0.071195	0.149917
-0.103052	-0.071617
-0.177903	0.186532
-0.04322	-0.142668
-0.149085	0.226105
0.131882	-0.050151
-0.011758	-0.175614
0.069891	0.171054
0.137659	0.11886
0.168339	0.038084
0.120736	-0.070557
-0.099743	0.165329
-0.180107	0.165219
0.094906	0.150116
0.148877	-0.095016
0.150629	0.080997
-0.067703	-0.1277
0.199955	0.015119
-0.122509	-0.090111
-0.038469	-0.162807
-0.224937	-0.04646
0.077984	-0.141707
0.109817	0.072616
0.134552	-0.0189
0.128937	-0.072994
-0.162648	-0.126423
-0.205762	0.092871
-0.189038	-0.004593
0.142127	-0.126269
-0.154001	0.08888
-0.213683	-0.045328
-0.106413	0.180897
-0.026171	0.148375
-0.053578	0.134353
0.002558	0.207841
0.063438	0.182927
-0.22288	0.097128
-0.142734	-0.136715
0.098265	0.1397
0.008118	0.17034
-0.133998	0.048481
-0.162053	0.064155
-0.160039	0.202605
-0.144837	0.046086
0.218234	0.012217
-0.111139	0.209589
-0.164136	0.035852
0.153976	-0.053453
0.098438	-0.144326
0.052581	0.210042
-0.089728	0.160605
0.0406	-0.143399
-0.072416	-0.143281
-0.028901	0.158103
-0.145485	-0.093503
-0.20533	-0.006051
-0.151385	-0.052311
0.120334	0.13346
0.009941	-0.192655
-0.005786	0.180935
-0.21296	0.139269
-0.011539	0.165255
0.026381	-0.176377
0.214103	-0.02938
0.137483	0.09445
0.192594	-0.033216
-0.110544	-0.140546
-0.190233	0.153878
0.162632	0.066391
-0.064513	0.135552
-0.180885	0.018994
-0.053845	0.15548
0.173677	0.05028
-0.025223	0.172095
0.073531	-0.198877
-0.189581	0.010901
-0.01055	0.195726
0.128544	0.14156
0.065801	0.195385
-0.091411	0.188859
0.090551	0.17896
-0.080325	0.183299
-0.021893	-0.177731
0.149482	0.119839
-0.01643	-0.190367
0.202078	0.033569
-0.075017	0.166067
-0.177462	0.062464
-0.207212	0.077209
-0.140591	-0.152695
-0.211508	-0.056965
-0.224219	0.123846
-0.133094	-0.063911
0.178708	-0.053818
0.178305	0.076294
0.07553	-0.18686
0.14195	-0.064276
0.214278	-0.04192
0.066282	0.209155
-0.207347	0.010342
-0.213899	0.153045
-0.193591	0.058749
-0.130281	-0.159156
0.089479	-0.148478
-0.201923	0.153556
0.202845	-0.043308
0.104836	0.154083
-0.03281	-0.179259
-0.051218	-0.150007
-0.098545	0.206439
-0.171279	0.201062
0.151389	0.106125
0.018618	-0.203455
-0.145025	-0.073597
-0.188552	0.180091
-0.154455	-0.062487
-0.063956	-0.151492
-0.17304	0.046462
-0.045519	0.155411
-0.071562	-0.152738
0.153608	-0.064535
0.202293	-0.220355
0.220569	0.20265
-0.202856	0.221115
-0.220295	-0.202364
-0.095101	-0.226362
0.093522	0.222772
0.224252	0.175737
0.225163	-0.094174
0.175021	-0.224066
0.20254	0.224077
-0.175805	0.225194
-0.222658	-0.174432
-0.203178	-0.224662
0.223939	-0.202443
-0.224993	0.201961
0.121148	-0.225957
0.094525	-0.225415
-0.041444	-0.223976
-0.068145	-0.22574
-0.149599	-0.224874
0.224011	0.122615
0.222977	0.095328
0.226115	-0.039996
0.225514	-0.066921
0.224866	-0.149283
0.225206	-0.176162
-0.122366	0.224502
-0.094871	0.220581
0.038245	0.223575
0.065815	0.223084
0.149175	0.223405
0.176275	0.224892
-0.224175	-0.120549
-0.222682	-0.094032
-0.223317	0.041496
-0.22281	0.067767
-0.226207	0.151578
-0.229375	0.17687
0.06817	-0.223859
0.220388	0.068555
-0.064973	0.222454
-0.176978	-0.225622
-0.102647	-0.153129
-0.177804	-0.117288
0.154625	-0.078724
0.000472	-0.198776
0.101672	0.168578
-0.170029	-0.133214
0.176402	0.06322
-0.19329	-0.071823
0.189925	0.045006
-0.040624	0.222082
0.041894	-0.218701
-0.122158	-0.226005
0.225105	-0.12181
0.121646	0.222771
0.148092	-0.225818
0.224761	0.149357
-0.223862	-0.147634
-0.006488	0.206509
0.011519	0.222401
0.048757	-0.179381
-0.134204	-0.082791
0.126318	-0.140989
-0.015937	0.176978
-0.221894	-0.011149
-0.17144	-0.108422
0.151012	-0.124211
0.224549	-0.013455
0.151416	0.093392
-0.012445	0.216028
0.008857	-0.2119
-0.015445	-0.220298
-0.215578	0.018956
0.052099	-0.194276
-0.202055	0.057043
-0.036839	0.206898
-0.208518	0.035288
-0.045149	-0.210925
-0.062525	0.212686
0.070817	-0.211244
-0.211568	0.066578
0.21275	-0.067956
0.206271	0.071432
-0.070541	-0.213424
0.107521	-0.161752
0.095521	-0.21287
0.212488	-0.094906
-0.209336	-0.094906
-0.096308	-0.21446
0.09396	0.208845
0.209305	0.096972
-0.068985	0.176806
-0.095722	0.176773
0.121249	-0.213743
0.212582	-0.121878
-0.211143	-0.119966
-0.122234	-0.214051
0.121948	0.208556
0.210569	0.123516
0.058738	-0.209255
0.135616	0.131304
-0.045499	0.165772
0.146935	-0.213837
0.21178	-0.148917
0.164839	-0.095931
-0.210104	-0.146049
-0.148869	-0.212047
0.149363	0.209345
0.211491	0.149641
0.074232	0.179409
-0.179731	0.034153
-0.16616	-0.060214
-0.0494	-0.168412
-0.083406	-0.154326
0.179848	0.089115
-0.221267	0.177055
0.172477	-0.211221
0.212542	-0.175561
-0.208549	-0.171819
-0.177674	-0.214142
0.176206	0.212395
0.21176	0.173734
0.120247	0.149855
-0.112202	-0.159437
-0.020808	0.207103
-0.021143	-0.206619
0.203071	-0.03167
-0.215019	0.195485
-0.180846	-0.071101
-0.207786	0.20326
0.207663	-0.202844
0.197074	-0.206482
-0.203632	-0.208967
-0.206566	-0.197932
0.203165	0.208021
0.206905	0.19756
-0.182183	0.198173
-0.009929	-0.203247
-0.189363	0.053317
-0.185431	-0.128847
-0.175424	-0.152793
0.136081	-0.156235
0.087828	-0.185374
-0.157753	-0.08408
0.164753	-0.062901
0.036596	-0.200808
0.107156	0.182141
0.080184	0.208304
-0.086525	0.201942
-0.203919	0.026466
-0.040344	0.174803
0.16443	-0.071894
-0.200249	0.179567
0.187796	-0.066308
-0.066192	-0.161958
0.083024	-0.212378
0.165183	-0.118119
-0.21784	-0.069226
-0.183768	-0.095689
-0.066267	0.159873
0.202464	0.049541
0.161275	0.120622
0.070232	-0.165498
-0.185941	0.210826
-0.04328	-0.181919
-0.160142	-0.158067
-0.197637	0.040561
0.081958	-0.162162
0.176282	-0.119667
-0.063985	0.188269
0.138063	0.149863
-0.059729	-0.172592
0.096012	-0.167687
-0.196436	-0.095335
-0.172948	0.01125
0.171939	0.124211
-0.147633	-0.162662
-0.186429	0.037632
0.120985	-0.154642
-0.069361	0.205854
-0.05265	0.209725
-0.049348	-0.197837
0.116062	0.166463
0.095018	0.195587
0.212036	-0.081383
0.042885	-0.189652
-0.214674	0.168226
0.108378	-0.212976
0.21281	-0.108429
-0.083428	-0.214175
0.207964	0.0841
-0.194012	0.032704
-0.182334	-0.083756
0.134158	-0.214207
-0.038702	0.190825
0.212221	-0.135365
-0.210587	-0.107203
-0.109255	-0.214519
0.108071	0.208906
0.210155	0.110131
0.145258	-0.151953
0.211824	-0.162313
-0.210865	-0.133037
-0.135366	-0.213349
0.135752	0.208536
0.210824	0.13688
-0.163523	-0.210253
0.163051	0.210789
0.176192	-0.064223
0.213812	-0.188072
0.10555	-0.140533
-0.191415	-0.205359
0.188503	0.213984
-0.210092	0.180758
0.165539	0.091973
0.096053	-0.190921
-0.069724	-0.175767
0.15935	0.131555
-0.20757	-0.083013
0.204118	0.059392
0.096144	-0.200788
0.097377	0.185336
-0.198479	-0.118987
-0.037938	-0.195627
-0.121179	-0.16794
-0.092989	-0.164478
0.177486	-0.097498
0.128116	0.160313
-0.050512	0.183184
0.209642	0.185721
-0.207877	-0.185075
-0.178458	-0.168278
0.185014	-0.209134
0.213753	-0.054766
0.181804	0.101266
0.159735	-0.212864
-0.209169	-0.158816
0.212869	0.161561
-0.193833	-0.156238
0.099666	-0.177625
-0.076529	-0.189148
0.192243	0.07377
0.176943	-0.108231
-0.180132	-0.181414
-0.059655	0.199044
0.174269	0.114382
0.177724	0.200269
-0.180102	-0.203828
0.150434	0.194721
0.202967	0.161664
-0.158296	-0.196829
-0.057746	-0.212374
0.104173	-0.187133
0.199857	-0.176234
0.198463	-0.14834
0.157569	-0.200899
-0.152395	-0.173676
-0.087914	-0.19028
0.122086	-0.202096
0.137131	0.174402
0.15705	-0.1479
0.195609	0.09884
-0.131412	-0.179707
-0.101045	-0.179596
0.200301	-0.096176
-0.097617	-0.202736
0.122003	0.193882
-0.122075	-0.202428
0.197232	0.124407
0.200287	-0.121674
0.157104	0.147435
-0.073324	-0.201171
-0.195767	-0.143878
0.200008	-0.068094
0.183436	0.137191
0.169484	-0.19866
-0.193821	-0.182485
0.199688	0.170699
0.188439	-0.089458
0.133372	-0.168868
0.152652	-0.156129
0.172318	-0.142836
0.123695	-0.191398
0.189124	-0.09806
0.188201	-0.120978
0.184193	0.177224
0.161509	-0.176522
0.182207	-0.162243
-0.111351	-0.180894
0.14301	-0.180807
-0.144297	-0.187836
0.176652	-0.182639
0.153256	0.180065
-0.168995	-0.193571
0.123283	-0.180555
0.177412	0.160848
0.167306	0.184617
0.166179	0.155482
0.184334	0.124904
0.180533	0.188708
0.187749	-0.178427
-0.099102	-0.191169
0.15532	-0.168353
0.120505	0.179167
0.162981	-0.128359
0.159322	0.166875
0.187039	-0.133531
0.185264	-0.146851
0.18249	0.149155
0.168364	-0.153539
0.155108	-0.189804
-0.121748	-0.191147
-0.155541	-0.185116
-0.008667	0.000188
-0.004691	0.007703
-0.009738	0.00521
-0.234671	-0.234868
0.002233	0.013226
-0.008998	0.009058
0.006931	0.009334
0.212582	0.04313
0.222145	-0.000371
-0.012148	0.004344
-0.009517	-0.011386
-0.006492	-0.019116
0.014436	0.003319
0.019011	-0.006941
0.003588	0.018381
0.011946	0.005229
-0.007272	0.015967
-0.015561	0.002691
-0.01995	-0.005958
0.008704	0.012865
-0.016464	0.008995
0.198456	0.215189
-0.225837	-0.035172
-0.197609	0.207754
-0.173753	0.212944
-0.161285	0.214104
0.047177	-0.205843
0.214928	-0.198168
-0.043286	0.212852
-0.029277	0.198548
-0.199157	-0.216276
0.01901	0.015741
-0.189567	-0.215575
-0.019933	0.007727
-0.032968	-0.209038
0.018596	-0.184832
0.01141	0.020926
-0.009208	-0.021023
-0.044767	0.200045
-0.205658	-0.072035
-0.203948	-0.063264
-0.031707	0.181865
0.021062	-0.015833
0.034321	-0.183578
-0.102558	0.19326
-0.201811	0.191844
0.002889	-0.181908
-0.198068	0.002683
-0.197437	0.018437
0.172938	0.020901
-0.208592	0.189564
-0.218704	0.185637
0.062437	-0.19739
-0.211427	0.044954
-0.212605	0.055552
-0.213911	-0.025338
0.024098	-0.005245
-0.009562	-0.02786
-0.180691	-0.193122
0.20291	-0.189798
0.181082	-0.195739
0.190554	0.203381
0.196606	0.181736
0.145662	-0.20228
0.197031	0.13772
-0.197667	-0.13141
0.196875	0.111372
-0.061211	-0.199739
0.019165	-0.168256
0.202181	-0.020586
0.201835	-0.055386
-0.193774	-0.060232
0.008611	-0.037989
0.018602	0.023669
-0.014974	0.02153
-0.015807	-0.027281
0.027702	-0.017739
0.027704	-0.012857
0.005279	-0.166566
0.030189	-0.003064
0.032563	0.000586
0.016243	-0.026365
-0.026094	0.017044
-0.00498	-0.045132
-0.200269	0.0486
0.026351	-0.160273
0.019361	-0.152605
-0.201326	0.065724
-0.200271	0.072986
-0.020542	0.161695
-0.0652	-0.187381
0.190744	-0.01456
0.191904	-0.043934
-0.186828	-0.117723
-0.185258	-0.106866
0.028769	0.184667
0.18423	-0.077313
-0.117271	0.184325
-0.201798	0.166754
-0.146651	-0.199661
-0.038434	0.163017
-0.158892	0.192158
0.144277	-0.191236
0.133706	-0.191613
-0.167294	-0.182538
0.013161	0.031574
0.024629	0.030477
0.011037	-0.04355
0.173183	-0.009707
-0.020785	-0.026699
0.188944	-0.109004
-0.174624	-0.124565
-0.202863	-0.041508
-0.164776	0.002896
-0.00697	-0.163479
-0.172349	0.027377
-0.001947	0.038805
-0.009387	0.035058
-0.026944	0.011871
-0.012663	0.031466
0.034305	-0.004876
0.020319	-0.02574
-0.151871	-0.146698
-0.190683	0.066298
0.184205	-0.017769
-0.080011	-0.178048
-0.090733	-0.17843
-0.170915	-0.095931
0.182375	-0.033908
0.173011	-0.07475
0.067194	-0.17876
0.020411	0.159507
-0.168665	-0.072055
-0.029474	0.007305
-0.015402	-0.039
-0.110504	-0.191658
-0.13298	-0.190138
0.074396	0.163353
-0.032542	0.017832
0.115583	-0.190858
0.026349	-0.144765
0.019097	-0.137254
-0.024117	-0.026
0.152538	-0.180206
0.133213	-0.180523
-0.161376	-0.049463
-0.037083	0.155617
-0.008059	0.040247
0.174761	-0.02314
0.019996	0.058937
0.013347	-0.049658
0.019034	-0.047955
-0.00978	-0.157542
-0.00647	-0.152259
-0.024098	-0.154824
-0.151153	0.180583
0.161997	-0.161959
0.179615	-0.087114
0.012339	0.146832
-0.134241	0.163312
0.134976	0.060385
0.129373	0.010785
-0.148516	0.002229
-0.140864	0.010145
-0.156598	0.026582
-0.06059	0.153974
0.154192	-0.007748
0.018304	-0.032003
-0.00262	0.044444
0.113235	-0.182631
0.074758	-0.175974
-0.082328	-0.169081
0.150502	-0.17313
0.143247	-0.171221
0.122314	-0.168857
0.045103	0.000268
0.048206	0.005346
0.132998	-0.008521
0.045146	0.012539
0.041479	0.148503
0.051241	0.148115
-0.023818	0.138447
-0.137296	-0.167257
0.044239	0.031601
-0.18911	0.142104
0.172353	0.147273
-0.144975	0.16628
0.049812	0.024105
-0.038951	-0.026368
0.173313	-0.042638
-0.053385	0.144822
-0.035263	0.146183
-0.164354	0.180018
-0.121418	-0.180355
-0.016938	-0.046997
-0.168277	0.156292
-0.157978	-0.094938
-0.156594	-0.073107
-0.148476	-0.043078
0.153718	-0.018051
0.157821	-0.03243
0.031754	0.041887
-0.012709	0.041171
-0.016209	0.041916
-0.028564	-0.035234
-0.160214	0.077068
-0.133671	0.017604
0.055436	-0.010742
0.160397	-0.138611
-0.098531	0.140473
-0.012289	0.131065
-0.010888	-0.143771
-0.040549	0.011741
-0.059166	0.009008
-0.050546	-0.135121
-0.054355	-0.140489
0.011371	0.064337
0.090021	0.161202
-0.06175	-0.137852
0.016099	-0.034985
0.041989	0.137848
-0.11213	-0.172443
0.023949	-0.029927
-0.130091	-0.171715
-0.013727	0.059973
-0.042606	-0.029967
0.053739	0.016542
0.078019	0.14144
0.127396	0.127998
-0.02027	-0.049931
-0.019144	-0.060148
0.153415	-0.108199
0.07996	-0.151826
0.152495	-0.044171
-0.070955	-0.134515
-0.188263	0.123183
-0.174806	0.130335
-0.161944	0.136195
-0.145705	-0.083616
-0.143504	-0.063515
-0.13949	-0.043579
-0.032856	-0.040046
-0.033049	-0.045544
0.063395	-0.012321
-0.044931	0.027122
-0.064841	0.017593
0.036923	0.043705
-0.048709	-0.028776
0.149382	-0.135465
0.146753	-0.144617
-0.147739	0.074566
-0.142542	0.084631
0.123123	-0.01124
0.124358	-0.020482
0.022756	-0.035022
-0.158745	0.148927
-0.133712	-0.129116
-0.047658	-0.033419
0.088511	0.135474
-0.16732	0.120774
0.092611	-0.158018
-0.049286	0.020382
0.062778	0.020441
-0.155897	-0.029226
-0.001756	0.122505
0.087158	-0.139322
-0.015489	-0.073819
-0.02353	0.064506
0.156562	-0.11692
-0.013024	0.048034
-0.025914	-0.054094
-0.003173	0.070102
0.044326	0.046917
0.136717	-0.143764
-0.024357	-0.068772
-0.156199	0.116394
-0.154888	0.12644
0.144944	-0.046264
-0.09426	-0.148616
0.051467	0.126795
0.042297	-0.047446
-0.134212	0.079987
-0.127012	0.085725
0.130714	-0.062451
-0.134013	-0.073495
-0.131599	-0.05385
0.072488	-0.006609
0.045487	-0.055242
-0.141323	-0.02698
0.103854	0.050896
0.033427	0.119056
0.099541	0.131684
0.093418	0.126759
-0.128587	0.037185
-0.12145	0.107283
0.006591	-0.07675
-0.025664	0.053573
-0.133033	0.115753
0.136378	-0.121028
0.054238	0.041803
0.06545	0.04989
-0.087924	-0.024559
-0.126253	-0.122927
-0.148111	-0.026453
-0.140394	0.114414
0.066954	0.004291
-0.13458	0.041366
0.102861	-0.152868
0.096054	-0.136106
0.017696	0.082178
0.097158	-0.1232
-0.090159	-0.012808
-0.051641	0.04551
-0.021429	-0.083098
0.094892	0.115238
0.079346	0.02838
0.022708	-0.091704
-0.041037	0.064667
0.109763	-0.039505
0.093619	-0.021449
0.116863	-0.135782
-0.029973	-0.077134
-0.042485	0.109261
-0.128857	0.076197
-0.123464	-0.07313
-0.121931	-0.054231
0.011486	-0.075263
0.045453	0.089013
0.08838	0.006013
-0.014037	-0.097333
-0.013242	-0.087272
0.009567	-0.083233
0.052845	-0.096976
0.114686	-0.076952
-0.086256	-0.043432
-0.098533	-0.02474
0.040466	0.112876
0.086393	0.044883
-0.008821	0.114372
0.077445	0.115682
0.076205	0.107053
0.073682	-0.039061
0.086229	-0.119518
-0.071432	0.09038
-0.115234	-0.112264
0.106058	-0.130882
-0.058307	0.094152
-0.128453	0.058545
-0.034068	-0.068305
-0.036279	-0.084257
-0.121169	0.070818
-0.057131	0.051346
-0.08504	0.084269
0.063721	0.098912
-0.03346	-0.103011
-0.103842	0.041623
-0.113209	-0.072636
-0.11221	-0.088757
-0.111206	-0.096486
0.060485	0.087226
0.030189	0.100726
-0.108219	-0.10432
0.109735	-0.069161
0.100717	-0.074088
0.015762	0.098307
0.083655	-0.10395
-0.006205	0.096212
-0.089458	-0.056187
-0.101256	-0.034126
0.081725	-0.032085
0.10169	-0.045832
0.115941	-0.046953
-0.104863	0.081697
-0.064876	0.051261
-0.046465	-0.082704
-0.055983	-0.086597
-0.02947	0.096661
-0.095588	0.083325
-0.122499	0.065319
-0.056192	0.074025
-0.063636	0.072284
0.081248	-0.050111
-0.064792	0.07979
-0.103741	-0.095047
-0.015423	0.101391
0.062724	-0.083153
0.056471	-0.079898
-0.067211	0.046583
-0.075089	-0.078493
-0.055441	0.08292
0.105133	-0.063338
0.091692	-0.067971
0.095355	-0.050049
0.089535	-0.046754
0.082973	-0.07784
-0.102254	0.061134
-0.058646	0.078988
-0.10164	-0.080412
-0.074018	0.046996
-0.120378	0.050647
-0.08241	0.048139
-0.102686	-0.028759
-0.104955	-0.063541
-0.082924	0.055588
-0.08427	0.063401
