-0.015593	0.073361
-0.044084	0.060676
-0.055736	0.050185
-0.064952	0.0375
-0.071329	0.023176
-0.074589	-0.00784
-0.071329	-0.023176
-0.064952	-0.0375
-0.055736	-0.050185
-0.030505	-0.068516
-0.015593	-0.073361
0	-0.075
0.015593	-0.073361
0.044084	-0.060676
0.055736	-0.050185
0.064952	-0.0375
0.071329	-0.023176
0.074589	0.00784
0.071329	0.023176
0.064952	0.0375
0.055736	0.050185
0.030505	0.068516
0.015593	0.073361
0	0.075
-0.030505	0.068516
-0.074589	0.00784
-0.044084	-0.060676
0.030505	-0.068516
0.074589	-0.00784
0.044084	0.060676
-0.023007	0.052963
-0.058158	0.017479
-0.053872	-0.032086
-0.012423	-0.059733
0.044447	-0.039441
0.055492	0.020589
0.044495	0.045005
0.039588	0.054322
-0.026091	0.034139
-0.06119	-0.007814
-0.024634	-0.056023
0.034834	-0.047867
0.058888	0.007581
0.019338	0.043204
-0.010339	0.056569
0.003	0.057925
-0.05246	0.029032
-0.010384	0.026367
-0.058899	-0.020335
-0.029804	-0.040658
0.016469	-0.041457
0.04472	0.006599
-0.061114	0.00504
-0.046176	-0.042329
-0.000042	-0.06154
0.012037	-0.059374
0.052154	-0.029229
0.05653	-0.017491
0.05037	0.033266
0.016478	0.057478
0.032188	0.043474
0.023695	-0.054601
0.059569	-0.005483
-0.005146	0.04166
-0.047133	0.012338
0.006901	0.042938
-0.047641	-0.017889
-0.049236	-0.00775
-0.041774	0.020918
-0.036141	-0.050372
-0.034576	0.028088
-0.038449	-0.035394
-0.044413	0.03895
-0.000299	0.028252
-0.018569	0.022157
-0.037372	-0.016236
-0.026028	0.017251
-0.038305	0.000904
0.023301	0.029906
-0.006055	0.016866
-0.017685	-0.020853
-0.010816	0.01119
-0.033237	0.012371
-0.016412	-0.032578
-0.008998	-0.046948
0.003053	0.01526
0.027552	0.016613
-0.018547	0.006169
0.00157	0.000444
0.040897	0.018605
-0.002907	-0.034053
-0.006272	-0.018554
0.032173	0.003103
-0.000641	-0.051247
0.00953	-0.029002
0.006492	-0.015573
0.039982	-0.011146
0.018171	0.000471
0.023151	-0.015692
0.033991	-0.028681
0.01112	0.029133
0.029392	0.055948
-0.034458	0.046962
-0.016188	0.038813
-0.04932	0.002573
-0.044291	-0.02734
-0.019774	-0.044211
0.026233	-0.035937
0.041448	-0.02305
0.047688	-0.003321
0.036502	0.031124
-0.039222	0.008503
-0.037583	-0.007882
-0.03341	-0.030249
-0.026314	-0.031709
0.00671	-0.046444
0.014996	0.015236
0.019245	-0.026629
-0.027788	0.002376
-0.011495	-0.005462
-0.024134	-0.009416
-0.026656	-0.023088
-0.035506	-0.024102
-0.029128	-0.016243
-0.2	-0.046154
-0.2	-0.061538
-0.2	-0.076923
-0.2	-0.092308
-0.2	-0.107692
-0.2	-0.123077
-0.2	-0.138462
-0.2	-0.153846
-0.2	-0.169231
-0.2	-0.184615
-0.2	-0.2
-0.2	0.2
0.2	0.2
0.2	-0.2
-0.184615	-0.2
-0.169231	-0.2
-0.153846	-0.2
-0.138462	-0.2
-0.123077	-0.2
-0.107692	-0.2
-0.092308	-0.2
-0.076923	-0.2
-0.061538	-0.2
-0.046154	-0.2
-0.030769	-0.2
-0.015385	-0.2
0	-0.2
0.015385	-0.2
0.030769	-0.2
0.046154	-0.2
0.061538	-0.2
0.076923	-0.2
0.092308	-0.2
0.107692	-0.2
0.123077	-0.2
0.138462	-0.2
0.153846	-0.2
0.169231	-0.2
0.184615	-0.2
0.2	-0.184615
0.2	-0.169231
0.2	-0.153846
0.2	-0.138462
0.2	-0.123077
0.2	-0.107692
0.2	-0.092308
0.2	-0.076923
0.2	-0.061538
0.2	-0.046154
0.2	-0.030769
0.2	-0.015385
0.2	0
0.2	0.015385
0.2	0.030769
0.2	0.046154
0.2	0.061538
0.2	0.076923
0.2	0.092308
0.2	0.107692
0.2	0.123077
0.2	0.138462
0.2	0.153846
0.2	0.169231
0.2	0.184615
0.184615	0.2
0.169231	0.2
0.153846	0.2
0.138462	0.2
0.123077	0.2
0.107692	0.2
0.092308	0.2
0.076923	0.2
0.061538	0.2
0.046154	0.2
0.030769	0.2
0.015385	0.2
0	0.2
-0.015385	0.2
-0.030769	0.2
-0.046154	0.2
-0.061538	0.2
-0.076923	0.2
-0.092308	0.2
-0.107692	0.2
-0.123077	0.2
-0.138462	0.2
-0.153846	0.2
-0.169231	0.2
-0.184615	0.2
-0.2	0.184615
-0.2	0.169231
-0.2	0.153846
-0.2	0.138462
-0.2	0.123077
-0.2	0.107692
-0.2	0.092308
-0.2	0.076923
-0.2	0.061538
-0.2	0.046154
-0.2	0.030769
-0.2	0.015385
-0.2	0
-0.2	-0.015385
-0.2	-0.030769
0.07597	-0.18522
0.107841	-0.184329
-0.060316	0.184854
-0.091714	0.184786
0.185651	0.013261
-0.185855	-0.013466
0.139124	-0.184599
0.123621	-0.184384
0.091793	-0.184572
0.060192	-0.185808
0.04452	-0.186007
0.029353	-0.18596
0.01421	-0.185962
-0.001311	-0.185794
-0.016873	-0.185399
-0.032545	-0.185126
-0.04813	-0.185021
-0.063338	-0.18531
-0.078588	-0.185757
-0.093819	-0.186111
-0.108994	-0.186131
-0.124201	-0.185873
-0.139292	-0.185547
-0.154364	-0.185235
0.183831	0.106793
0.18448	0.090874
0.185342	0.075055
0.185907	0.059406
0.186	0.043907
0.185779	0.028695
0.185758	-0.001984
0.186073	-0.017006
0.186335	-0.032109
0.186386	-0.047234
0.186341	-0.062266
0.186333	-0.077405
0.186333	-0.092656
0.186249	-0.108036
0.186018	-0.123437
0.18571	-0.138794
0.185395	-0.154144
0.185127	-0.169505
0.184884	-0.184805
-0.138687	0.184558
-0.123158	0.184535
-0.107493	0.18467
-0.075933	0.184776
-0.044822	0.18534
-0.029316	0.185949
-0.013892	0.186368
0.001461	0.186058
0.016825	0.185824
0.032193	0.185798
0.047473	0.18592
0.062687	0.186111
0.077983	0.186248
0.093307	0.186313
0.108501	0.186248
0.123682	0.185992
0.138929	0.185662
0.154191	0.185349
0.169443	0.185064
0.184711	0.184817
-0.184709	-0.169371
-0.184758	-0.106938
-0.185192	-0.091214
-0.185862	-0.075568
-0.186435	-0.060028
-0.18621	-0.044568
-0.185995	-0.028977
-0.18603	0.00183
-0.186203	0.01703
-0.186244	0.032237
-0.186146	0.047516
-0.186081	0.062728
-0.186235	0.07794
-0.186342	0.093292
-0.186167	0.108473
-0.18585	0.123644
-0.185535	0.138877
-0.185258	0.154138
-0.185026	0.169445
-0.184818	0.184743
-0.074887	-0.047179
-0.075286	0.054135
0.0751	-0.055013
0.074741	0.04734
0.03329	0.080068
-0.034689	-0.079077
0.035696	-0.082259
-0.036658	0.079959
-0.002079	-0.088698
0.017705	-0.092679
0.079676	0.036428
0.084563	-0.036519
-0.08452	0.036385
-0.079782	-0.036374
-0.020153	0.089806
-0.00018	0.087911
0.09	0.007536
-0.090073	-0.00726
-0.087824	0.008583
-0.091494	-0.022589
0.087815	-0.008409
0.091354	0.02289
0.063289	-0.062922
0.066099	0.06434
-0.063623	0.061755
-0.066496	-0.063219
-0.050769	0.070833
-0.050073	-0.071863
0.050268	-0.072357
0.049389	0.073652
0.107865	-0.168971
0.087556	0.05281
0.068595	0.083213
-0.10711	0.1698
-0.169494	-0.18498
-0.087989	-0.052761
0.00246	0.172135
0.093773	0.172839
0.171103	-0.004215
0.101538	-0.0098
0.172903	-0.04822
0.02803	-0.171698
0.032514	-0.108398
-0.002297	-0.172241
-0.110177	-0.172649
-0.172129	0.003795
-0.101672	0.010243
-0.172496	0.048727
-0.027219	0.172123
-0.035058	0.101374
0.170144	-0.169518
0.154416	-0.184745
0.0822	-0.068561
-0.068373	-0.080839
0.154058	0.170351
0.138828	0.170984
0.184075	0.138372
0.18375	0.122609
0.167499	0.105493
0.1241	-0.168831
-0.169858	0.169434
-0.154138	0.184646
-0.082832	0.067252
-0.154518	-0.17007
-0.124997	-0.171868
-0.095603	-0.172445
-0.169396	-0.106062
-0.123025	0.169215
-0.058372	0.081856
-0.105265	-0.005235
-0.050576	-0.169499
0.057195	-0.08379
0.104921	0.005835
0.048618	0.172019
0.043141	-0.172576
-0.042859	0.17088
0.171484	0.011361
-0.171719	-0.011635
0.172662	-0.06284
0.058798	-0.172485
-0.034233	-0.170293
-0.018029	-0.170944
-0.053997	-0.085196
-0.184534	-0.122547
-0.184513	-0.138146
-0.139714	-0.170888
-0.184585	-0.153803
0.169435	0.088706
0.171496	0.072689
0.091251	0.037786
0.172715	0.057321
0.089671	-0.049376
0.172655	-0.077648
0.172541	-0.108028
0.172697	-0.092715
0.139675	-0.168996
0.172012	-0.123407
0.17132	-0.138775
0.170664	-0.15411
0.169663	-0.184815
-0.172068	0.063986
-0.058803	0.169545
0.03345	0.171745
0.017997	0.171674
0.052356	0.090899
0.108684	0.17247
0.123634	0.171746
0.184372	0.15397
0.169283	0.169819
0.184583	0.169445
-0.17035	-0.089741
-0.171846	-0.073652
-0.091485	-0.03766
-0.173805	-0.058732
-0.089707	0.048772
-0.172739	0.07906
-0.172314	0.108931
-0.173052	0.094231
-0.138808	0.169105
-0.171452	0.123853
-0.170766	0.138979
-0.170235	0.154144
-0.169511	0.18472
-0.023432	-0.096641
0.006539	-0.109057
0.013214	-0.172281
0.172645	0.042042
0.172918	-0.033477
-0.172736	0.033555
-0.172708	-0.043566
-0.012505	0.173573
0.0187	0.09754
0.002299	0.101274
-0.096652	0.03398
-0.172516	0.018705
-0.172343	-0.027604
0.096941	-0.033968
0.172029	-0.018883
0.171594	0.027005
0.090802	-0.169314
0.0827	0.067606
0.078584	0.172892
-0.091114	0.170183
-0.083242	-0.067082
-0.080776	-0.171449
-0.046017	0.091059
-0.074992	0.169897
-0.065823	-0.170181
0.044357	-0.093727
0.074526	-0.171075
0.063536	0.172569
-0.168992	-0.137956
0.168168	0.138473
-0.169278	-0.153934
0.168785	0.154275
0.011755	-0.15937
-0.011654	0.163154
-0.156778	-0.01002
0.158512	0.010227
0.027078	-0.155619
-0.023062	0.157022
-0.002459	-0.16044
0.00183	0.156824
-0.158527	0.005939
0.155164	-0.006348
0.042828	-0.160324
-0.040318	0.15744
0.057154	-0.160177
-0.05684	0.152692
-0.018301	-0.155961
0.019291	0.15733
-0.158561	0.020539
0.157767	-0.021683
-0.159571	0.034793
0.160294	-0.034895
-0.034993	-0.156796
0.034858	0.157433
-0.053158	-0.152474
0.049811	0.158099
0.159867	-0.048768
-0.159738	0.04922
-0.159877	-0.026957
0.156243	0.026237
0.137966	0.155913
-0.139357	-0.155867
0.15671	-0.13834
-0.15552	0.138767
-0.125026	-0.158222
0.122728	0.157401
-0.163614	-0.057725
-0.155395	-0.087926
-0.156514	-0.06923
-0.158175	-0.044033
0.160655	0.055326
0.155065	0.085054
0.15842	0.069465
0.160706	0.041478
0.15795	-0.123037
-0.156616	0.123487
0.107966	-0.154325
-0.122518	0.153646
0.12428	-0.152914
-0.111213	-0.160025
0.107931	0.158895
0.158931	-0.107706
-0.158331	0.108524
0.064437	0.159144
0.158596	-0.062994
-0.156987	0.065343
-0.069414	-0.154436
0.071848	-0.157648
-0.074732	0.155754
-0.098261	-0.158758
0.159114	-0.092624
-0.160572	0.094931
0.093418	0.159908
-0.153438	-0.104993
0.149821	0.103443
-0.106252	0.155263
0.158736	-0.077674
-0.159765	0.080667
0.078797	0.16008
-0.084124	-0.156862
0.089214	-0.153432
-0.090507	0.156292
-0.169486	-0.169628
0.154994	-0.169279
-0.154437	0.169257
0.167441	0.122232
-0.168788	-0.122072
0.153312	0.154852
0.155676	-0.153745
-0.154826	0.153918
0.140181	-0.153134
-0.13889	0.153578
0.152189	0.138947
-0.089589	0.143173
-0.104195	0.141368
0.09534	-0.143017
-0.153121	-0.138299
-0.088701	-0.143124
0.079063	0.147967
0.145985	-0.09268
-0.150482	0.094708
0.092399	0.147586
0.145951	-0.10717
-0.142811	0.10509
0.105954	0.145805
0.141184	-0.137344
-0.139487	0.138206
0.136111	0.140274
-0.112182	-0.149746
0.143888	-0.122112
-0.141641	0.12254
-0.141149	-0.060139
-0.148472	-0.05439
0.148913	0.05202
0.145301	0.064301
0.140976	0.078232
0.107223	-0.140873
-0.0451	0.140358
0.053953	-0.148374
-0.145993	-0.003002
0.144503	0.001436
-0.142858	0.022508
0.142151	-0.02826
0.036854	0.142147
-0.038963	-0.131643
0.036526	-0.144194
-0.027484	0.143464
-0.014959	-0.139524
0.017621	-0.141223
-0.00974	0.147829
0.147514	-0.047576
-0.146878	0.036733
0.13833	-0.005278
-0.145246	0.007586
-0.025793	-0.140124
0.021656	0.142412
-0.002201	0.140455
-0.000742	-0.138595
-0.144745	-0.035509
0.144979	0.034963
-0.144295	-0.017463
0.143381	0.017684
-0.140335	-0.086431
0.135437	0.091679
0.14474	-0.078114
-0.143071	0.073036
-0.075254	-0.137084
0.066034	0.145631
0.051708	0.143751
0.142732	-0.062201
-0.136126	0.051268
-0.061485	-0.13672
-0.076233	0.143259
0.079174	-0.139861
-0.063084	0.138764
0.066368	-0.144514
-0.154065	-0.154551
0.151066	0.122429
-0.152064	-0.121839
-0.132726	-0.12213
-0.137435	-0.140175
0.134225	-0.106294
-0.124172	0.0946
0.130637	-0.119402
-0.127962	0.121492
0.089998	-0.134836
-0.100324	0.128692
0.116626	0.12981
-0.101551	-0.134589
0.12322	-0.134827
-0.121355	0.136603
0.102646	0.133068
-0.103603	-0.144179
0.133024	0.123388
-0.123168	-0.14506
0.100632	-0.128807
-0.111641	0.124647
-0.131555	-0.055279
0.132476	0.057234
0.127214	-0.01464
-0.128111	0.017018
0.02255	0.126575
-0.021295	-0.126534
-0.127998	-0.068318
0.127448	0.070688
-0.010094	-0.131265
0.008114	-0.129948
0.007933	0.128409
-0.004853	0.131106
-0.016118	0.136936
-0.13205	0.004374
0.129312	-0.002617
-0.137728	-0.044772
0.13779	0.045311
0.08531	-0.126777
-0.093159	-0.132358
0.079973	0.138232
0.136652	-0.042926
-0.133514	0.031014
-0.124978	-0.083027
-0.033408	0.132228
0.047454	-0.137411
0.12243	0.083842
0.133513	-0.09347
-0.135762	0.090387
0.039512	0.124126
-0.03389	-0.120643
-0.136797	-0.007691
0.134909	0.008146
-0.134174	-0.025776
0.134481	0.026198
0.059526	-0.132051
-0.051558	0.130474
0.070661	0.130648
0.134149	-0.053383
-0.134895	0.040246
0.054802	0.129749
-0.050604	-0.125635
-0.077248	0.133841
0.073107	-0.125498
0.127547	-0.067636
-0.12653	0.066033
0.13707	0.109525
-0.137166	-0.10301
0.121386	0.112148
-0.116525	0.109426
0.119181	-0.112201
0.091514	-0.119542
-0.088821	0.119968
0.121762	-0.095794
-0.112431	0.098164
-0.106408	0.113392
0.110507	0.117559
-0.108957	-0.125812
-0.085971	-0.119393
-0.114579	-0.063159
0.114057	0.063681
-0.002676	-0.121176
0.005534	0.114883
-0.119151	-0.04842
0.119311	0.049308
0.098074	0.120658
0.02064	0.111451
-0.015016	-0.114599
-0.114824	0.013278
0.114369	-0.012374
-0.008716	0.119114
0.018664	-0.119554
-0.125421	-0.035514
-0.110965	0.026883
0.111583	-0.026366
0.12559	0.036406
-0.028643	-0.10866
-0.074087	-0.121327
-0.039859	0.121645
0.039662	-0.125433
0.085291	0.124062
-0.086492	0.129475
0.081004	-0.11432
-0.118944	-0.000677
0.117843	0.001657
-0.11021	-0.078353
0.109108	0.077984
-0.124862	-0.014493
0.124166	0.015236
0.11791	-0.084044
-0.119119	0.082128
-0.058233	0.120233
0.05164	-0.120652
0.057991	0.11923
-0.12171	0.041663
0.123121	-0.041826
-0.046958	-0.114834
0.068209	0.116135
-0.062067	-0.123111
0.062784	-0.113572
-0.068515	0.12813
-0.123253	0.053705
0.123551	-0.055282
0.128313	0.10215
-0.121336	-0.098425
0.110605	-0.121063
-0.101418	0.102302
0.111005	-0.101256
-0.101982	-0.108137
-0.105513	-0.041617
0.105344	0.04197
-0.101168	-0.057682
0.105692	0.105414
0.100708	0.057817
-0.09884	0.023714
0.09904	-0.023478
-0.087773	-0.106007
0.087344	-0.106873
-0.082349	0.112667
-0.11042	-0.023816
0.110226	0.024519
0.093643	0.106963
0.105714	-0.088772
-0.107268	0.08632
0.095992	0.073142
-0.096364	-0.073045
-0.073703	-0.1076
0.08082	0.111024
0.072409	-0.105306
-0.075393	0.120074
-0.105676	0.041986
0.106289	-0.042165
0.034933	0.107761
-0.042932	-0.103003
-0.047206	0.111216
0.046302	-0.110595
-0.114119	0.069664
0.113806	-0.071304
-0.065908	0.111169
0.054117	-0.102789
0.046211	0.104423
-0.0601	-0.110574
-0.109539	0.056542
0.109693	-0.057731
0.117833	0.09528
-0.116517	-0.113287
-0.117546	-0.13404
0.114747	0.104104
0.099182	-0.108315
-0.091374	0.106959
0.094188	-0.093648
-0.084905	0.096576
-0.088826	-0.089311
0.090206	0.089769
-0.07191	-0.094218
0.082784	-0.098041
-0.074746	0.103235
0.075319	0.096924
0.08841	-0.081116
-0.089545	0.07944
0.06479	-0.094597
-0.066598	0.092871
-0.057267	-0.098079
0.062431	0.103619
0.105355	0.091661
-0.07993	-0.078939
0.080157	0.080114
-0.10552	-0.093575
-0.095792	0.061432
0.095425	-0.062619
0.076522	-0.087118
-0.077953	0.085548
-0.184719	-0.184773
0.016975	0.084772
0.085389	-0.023305
-0.018786	-0.08451
-0.085325	0.023344
0.069972	-0.075397
-0.070805	0.073906
-0.013661	0.105718
-0.027528	0.113175
0.034692	0.093448
-0.008	-0.102041
-0.038769	-0.090765
-0.056143	0.101545
-0.021524	0.125166
0.100731	-0.075824
-0.101631	0.074087
0.125749	-0.027786
-0.123425	0.028928
-0.095761	0.091035
-0.130868	0.07789
0.13108	-0.08052
0.02814	-0.132564
-0.149892	-0.026831
0.151835	0.042828
0.140683	-0.014051
0.007181	-0.147708
-0.147021	0.084586
-0.138426	0.062563
0.007495	0.142206
-0.141732	-0.071278
-0.037947	0.147204
0.120494	0.143178
-0.148053	0.04897
-0.147889	0.058938
0.125115	-0.104911
0.15017	-0.036728
0.149013	0.009847
-0.128136	0.107393
0.051719	0.112496
-0.096962	0.117346
-0.118786	0.118752
-0.001575	-0.151872
-0.009093	-0.146493
0.044367	-0.15129
-0.097746	-0.121014
0.090069	0.135514
-0.04507	-0.141411
-0.035104	-0.146494
-0.052713	-0.134543
-0.085243	-0.129507
