-0.019411	0.072444
-0.0375	0.064952
-0.053033	0.053033
-0.064952	0.0375
-0.072444	0.019411
-0.075	0
-0.072444	-0.019411
-0.064952	-0.0375
-0.053033	-0.053033
-0.0375	-0.064952
-0.019411	-0.072444
0	-0.075
0.019411	-0.072444
0.0375	-0.064952
0.053033	-0.053033
0.064952	-0.0375
0.072444	-0.019411
0.075	0
0.072444	0.019411
0.064952	0.0375
0.053033	0.053033
0.0375	0.064952
0.019411	0.072444
0	0.075
-0.009625	0.053527
0.001157	0.060586
-0.024365	0.046445
-0.038642	0.035515
-0.052994	0.029839
-0.054888	0.016383
-0.055101	0.000557
-0.051838	-0.015123
-0.044151	-0.031515
-0.043756	-0.045854
-0.01771	-0.0474
-0.002818	-0.057658
0.011939	-0.053719
0.02614	-0.047412
0.038954	-0.03911
0.049083	-0.027992
0.05397	-0.013658
0.054489	0.001938
0.051569	0.017696
0.047373	0.032815
0.014449	0.054334
0.028076	-0.0255
0.006005	0.036477
0.032045	0.017291
-0.008687	-0.043193
-0.024691	0.027297
-0.028662	-0.021737
-0.034112	-0.009726
0.02881	0.033426
0.015538	-0.030587
0.010725	0.012104
-0.015624	-0.003062
0.022631	-0.010821
-0.009947	0.014035
0.00326	-0.037223
-0.006576	-0.023617
0.038019	-0.010346
-0.01316	0.031476
-0.024777	0.015916
-0.038465	0.002668
0.005077	-0.011022
0.030785	0.049189
0.044208	0.045037
-0.018027	-0.057984
-0.032066	-0.052681
-0.027773	-0.04088
0.037984	-0.021043
0.036804	0.002953
-0.039601	0.017193
-0.018347	-0.032162
-0.026145	0.005537
-0.016652	-0.015731
0.023385	0.000888
0.4	0.124682
0.4	0.145511
0.4	0.166207
0.4	0.18677
0.4	0.2072
0.38	0.2275
0.36	0.2275
0.34	0.2275
0.32	0.2275
0.3	0.2275
0.28	0.2275
0.26	0.2275
0.24	0.2275
0.22	0.2275
0.2	0.2275
0.18	0.2275
0.16	0.2275
0.14	0.2275
0.12	0.2275
0.1	0.2275
0.08	0.2275
0.06	0.2275
0.04	0.2275
0.02	0.2275
0	0.2275
-0.02	0.2275
-0.04	0.2275
-0.06	0.2275
-0.08	0.2275
-0.1	0.2275
-0.12	0.2275
-0.14	0.2275
-0.16	0.2275
-0.18	0.2275
-0.2	0.2275
-0.22	0.2275
-0.24	0.2275
-0.26	0.2275
-0.28	0.2275
-0.3	0.2275
-0.32	0.2275
-0.34	0.2275
-0.36	0.2275
-0.38	0.2275
-0.4	0.20475
-0.4	0.182
-0.4	0.15925
-0.4	0.1365
-0.4	0.11375
-0.4	0.091
-0.4	0.06825
-0.4	0.0455
-0.4	0.02275
-0.4	0
-0.4	-0.02275
-0.4	-0.0455
-0.4	-0.06825
-0.4	-0.091
-0.4	-0.11375
-0.4	-0.1365
-0.4	-0.15925
-0.4	-0.182
-0.4	-0.20475
-0.4	0.2275
0.4	0.2275
-0.4	-0.2275
0.4	-0.2275
-0.377143	-0.2275
-0.354286	-0.2275
-0.331429	-0.2275
-0.308571	-0.2275
-0.285714	-0.2275
-0.262857	-0.2275
-0.24	-0.2275
-0.217143	-0.2275
-0.194286	-0.2275
-0.171429	-0.2275
-0.148571	-0.2275
-0.125714	-0.2275
-0.102857	-0.2275
-0.08	-0.2275
-0.057143	-0.2275
-0.034286	-0.2275
-0.011429	-0.2275
0.011429	-0.2275
0.034286	-0.2275
0.057143	-0.2275
0.08	-0.2275
0.102857	-0.2275
0.125714	-0.2275
0.148571	-0.2275
0.171429	-0.2275
0.194286	-0.2275
0.217143	-0.2275
0.24	-0.2275
0.262857	-0.2275
0.285714	-0.2275
0.308571	-0.2275
0.331429	-0.2275
0.354286	-0.2275
0.377143	-0.2275
0.4	-0.204409
0.4	-0.181467
0.4	-0.158672
0.4	-0.136023
0.4	-0.11352
0.4	-0.091161
0.4	-0.068945
0.4	-0.046873
0.4	-0.024942
0.4	-0.003152
0.4	0.018498
0.4	0.04001
0.4	0.061383
0.4	0.082619
0.4	0.103718
0.040434	-0.083786
0.07814	-0.060889
0.058153	-0.081519
0.07388	0.061217
0.087437	0.030439
-0.043954	0.081873
-0.078816	0.057377
-0.060972	0.076686
-0.096789	-0.009649
-0.080805	-0.04893
-0.091704	-0.035496
0.03556	0.089577
0.055883	0.069188
0.096313	0.017832
0.097891	-0.009212
0.083501	-0.043613
0.02148	-0.087266
-0.017746	-0.090462
-0.035015	-0.091382
-0.060358	-0.078688
-0.091808	0.005634
-0.377726	-0.205237
-0.087127	0.023545
0.009824	0.097618
0.239428	-0.205433
0.216045	-0.206035
0.192718	-0.206551
0.169458	-0.206684
0.146263	-0.206718
0.123217	-0.207238
0.100421	-0.207774
0.077622	-0.207855
0.054783	-0.207421
0.032108	-0.207153
0.009485	-0.207563
-0.013341	-0.208074
-0.036343	-0.20813
-0.059032	-0.207792
-0.081655	-0.207883
-0.104366	-0.208097
-0.126786	-0.20792
-0.149415	-0.207389
-0.172332	-0.2067
-0.195556	-0.20589
-0.218632	-0.205306
-0.241686	-0.205419
-0.264799	-0.205747
-0.287711	-0.205927
-0.310339	-0.205898
-0.332842	-0.205774
-0.355313	-0.205574
0.379557	0.061655
0.379886	0.03996
0.380129	0.018293
0.380236	-0.003395
0.380225	-0.025176
0.380071	-0.047127
0.37978	-0.069297
0.379379	-0.09166
0.378916	-0.114178
0.378469	-0.136768
0.378096	-0.159417
0.37781	-0.182117
0.377531	-0.20485
-0.360744	0.206333
-0.340925	0.207055
-0.321093	0.2077
-0.301239	0.208218
-0.281329	0.208629
-0.26139	0.208986
-0.241392	0.209238
-0.221283	0.209364
-0.201104	0.209398
-0.180949	0.209399
-0.160785	0.209458
-0.14064	0.209599
-0.120424	0.209814
-0.100158	0.210014
-0.079978	0.210213
-0.060098	0.210372
-0.040259	0.210462
-0.020373	0.210412
-0.000415	0.21007
0.019916	0.208978
0.041055	0.20708
0.062043	0.207764
0.082746	0.208927
0.102937	0.209619
0.12258	0.209748
0.142282	0.209546
0.162123	0.209408
0.182109	0.209332
0.202024	0.209353
0.221922	0.209417
0.241794	0.209457
0.26171	0.209439
0.281565	0.209344
0.301378	0.209136
0.321147	0.208791
0.340884	0.208372
0.360627	0.207971
0.380375	0.207606
-0.379199	-0.069492
-0.379083	-0.046617
-0.378876	-0.023598
-0.378639	-0.000395
-0.37838	0.022941
-0.378262	0.046348
-0.37837	0.069568
-0.378739	0.092615
-0.379285	0.115626
-0.379875	0.138446
-0.380336	0.160957
-0.380563	0.18332
-0.161633	0.191303
-0.242741	0.191276
-0.202383	0.191432
-0.282183	0.189643
0.34145	0.189067
0.302348	0.19053
0.282559	0.190958
0.262728	0.191265
-0.059899	0.193309
-0.020453	0.19388
0.065133	0.189485
0.14375	0.191941
-0.120636	0.192289
0.105732	0.19302
-0.222637	0.19154
0.018487	0.192596
0.183353	0.19141
-0.182079	0.191248
-0.141208	0.191646
-0.10009	0.192821
-0.079785	0.193161
-0.040122	0.193723
-0.000822	0.193523
0.041473	0.185343
0.085892	0.192113
0.124387	0.192741
0.16337	0.191709
0.203122	0.191353
0.222954	0.191405
0.242725	0.1914
0.321883	0.189846
-0.26247	0.190587
-0.301907	0.188606
-0.321574	0.187418
-0.341207	0.186077
0.380543	0.167214
0.380313	0.146739
0.37991	0.125868
0.379558	0.104659
0.379462	0.083298
0.359697	0.062222
0.360272	0.040297
0.360913	0.018561
0.361329	-0.002764
0.361317	-0.024222
0.360961	-0.04606
0.360271	-0.068261
0.359211	-0.090757
0.357896	-0.113555
0.356636	-0.136432
0.355729	-0.159315
-0.379176	-0.092291
-0.35674	0.070621
-0.379068	-0.114981
-0.358414	-0.047878
-0.357548	0.094196
-0.359859	0.140566
-0.360598	0.162785
-0.357731	-0.001033
-0.378846	-0.137595
-0.35675	0.046839
-0.357194	0.022787
-0.358101	-0.024574
-0.358742	0.117579
-0.360912	0.184659
-0.378172	-0.182762
0.262752	-0.204843
0.238007	-0.183173
0.308898	-0.204754
0.285827	-0.204539
0.167266	-0.186733
0.052967	-0.187657
0.02982	-0.186261
-0.015347	-0.189677
-0.060525	-0.188271
0.097693	-0.188765
0.214166	-0.185034
0.190645	-0.18649
0.143576	-0.186248
0.12013	-0.187576
0.07566	-0.189211
0.007079	-0.187868
-0.038001	-0.189913
-0.083102	-0.188891
0.331908	-0.204902
0.354802	-0.204952
-0.105514	-0.189484
-0.149287	-0.187475
-0.28965	-0.184398
-0.266883	-0.184027
-0.195598	-0.184074
-0.243491	-0.182936
-0.127038	-0.18876
-0.172167	-0.186091
-0.21962	-0.181961
-0.311995	-0.184206
-0.334153	-0.183864
0.081957	-0.084303
-0.080549	0.074948
0.067791	0.075297
-0.078996	-0.088992
0.004434	-0.106535
0.109884	0.008436
-0.115769	-0.001235
-0.032096	0.104657
0.02554	0.106133
-0.097266	-0.060848
-0.098863	0.059138
0.103046	-0.04944
0.100443	0.05657
-0.067087	0.09571
-0.053287	-0.096923
0.059177	0.088436
0.057316	-0.102875
0.040602	-0.10284
-0.106975	-0.024124
0.109978	-0.033534
-0.109818	0.012778
-0.030286	-0.110956
-0.014887	0.110188
0.361004	0.188267
0.026905	0.17048
0.015469	0.180323
0.000072	0.176045
0.053557	0.165601
-0.020248	0.178144
0.071592	0.172128
0.107882	0.177975
0.089839	0.176488
0.124893	0.1759
-0.039448	0.177224
0.14394	0.174653
-0.059322	0.175996
-0.079643	0.17635
-0.099999	0.176041
-0.120611	0.174951
-0.141612	0.17358
0.302512	0.171671
0.282632	0.172435
0.262781	0.173083
0.163702	0.17421
0.322058	0.170607
0.242886	0.173394
-0.162712	0.172766
0.223043	0.173366
0.203076	0.173248
-0.183611	0.173064
0.183273	0.173677
-0.204076	0.173807
-0.22405	0.174282
-0.243755	0.173846
-0.26277	0.172148
-0.301826	0.168382
-0.282138	0.170148
-0.321367	0.166509
-0.356218	-0.183406
0.341564	0.169495
0.355193	-0.182218
0.380565	0.187504
0.361061	0.168339
0.360748	0.148139
0.360062	0.127205
0.359415	0.105727
0.35921	0.084084
0.339896	0.062469
0.341122	0.040543
0.342296	0.019255
0.342674	-0.001269
0.342664	-0.02209
0.342315	-0.04372
0.341313	-0.06579
0.339449	-0.088261
0.336831	-0.111348
0.33426	-0.134725
-0.358444	-0.070861
0.261981	-0.181595
-0.378537	-0.160221
-0.357599	-0.138667
-0.358059	-0.116249
-0.33741	-0.025447
-0.336745	-0.001648
-0.336084	0.022255
-0.334799	0.046784
-0.336223	0.09612
-0.333851	0.071552
-0.338473	0.119882
-0.340048	0.142686
-0.358319	-0.093671
0.332261	-0.181879
0.308942	-0.181167
0.002851	-0.168291
0.027656	-0.162651
-0.017935	-0.172926
-0.038385	-0.17386
-0.106282	-0.172183
-0.126111	-0.169535
-0.085007	-0.170811
0.053233	-0.169256
-0.061302	-0.167201
-0.148237	-0.167697
-0.313506	-0.162501
-0.291591	-0.162862
0.074563	-0.172395
0.140568	-0.16498
0.115723	-0.16847
0.094236	-0.17054
-0.269432	-0.162494
0.165714	-0.168604
0.188017	-0.167733
-0.1708	-0.166092
-0.246366	-0.160736
0.21089	-0.164773
0.234951	-0.160485
-0.220306	-0.155626
-0.193607	-0.162886
0.285562	-0.180728
0.341213	0.14955
-0.320466	0.144954
-0.280535	0.150199
-0.261437	0.15334
0.143179	0.157432
-0.206478	0.156539
0.163082	0.156993
-0.185963	0.154894
-0.225554	0.157694
-0.243934	0.157271
-0.164036	0.153478
-0.141505	0.155281
0.321623	0.150946
-0.119909	0.157772
-0.099605	0.159659
-0.079969	0.160233
-0.058179	0.157016
0.038013	0.156332
-0.037157	0.160791
0.121399	0.157135
0.108049	0.166203
0.06359	0.148928
-0.01971	0.163291
0.000281	0.153297
0.023053	0.147103
0.079564	0.156045
0.095367	0.161832
0.301864	0.152407
0.222615	0.15557
0.261951	0.154945
0.242261	0.155572
0.202141	0.154654
-0.30058	0.147388
0.182268	0.155633
-0.34088	0.164561
0.340311	0.128656
0.339044	0.106981
0.338233	0.084688
0.322097	0.040563
0.32392	0.020375
0.32297	0.001414
0.323722	-0.019034
0.323969	-0.040621
0.322711	-0.062218
0.320013	-0.084153
0.315663	-0.107203
-0.337727	-0.04897
0.332769	-0.158233
0.260115	-0.15753
0.310678	-0.131377
-0.356972	-0.161111
-0.307569	0.07272
-0.336987	-0.117477
-0.314686	0.021184
-0.316327	-0.026156
-0.312491	0.045461
-0.314685	-0.002433
-0.337485	-0.094964
-0.315108	0.099734
-0.318512	0.122802
-0.337707	-0.072102
-0.188879	-0.1441
-0.16914	-0.146217
0.205253	-0.145696
0.013841	-0.143308
0.184123	-0.149837
0.143341	-0.139189
0.164968	-0.152059
-0.006749	-0.147768
0.041416	-0.142287
0.086916	-0.149989
0.058743	-0.153235
-0.033473	-0.146061
-0.047268	-0.153421
-0.147461	-0.147753
-0.121487	-0.147795
0.309047	-0.156461
0.109105	-0.14939
-0.293514	-0.141209
0.128289	-0.145542
-0.09984	-0.137075
-0.072605	-0.146667
-0.272524	-0.141095
-0.207186	-0.135294
-0.252204	-0.139519
-0.23413	-0.133714
0.284926	-0.155239
-0.165742	0.131678
-0.255397	0.131989
-0.139616	0.137372
-0.278221	0.129863
-0.242347	0.143791
0.143708	0.141545
-0.228181	0.140914
0.161617	0.140389
-0.189645	0.137004
-0.209819	0.139118
0.108545	0.138991
-0.117799	0.141003
-0.098215	0.143487
-0.066683	0.14497
0.179659	0.137117
-0.047045	0.138722
-0.080627	0.144993
0.260318	0.13674
0.048041	0.140651
0.073489	0.133426
-0.030793	0.143766
-0.01455	0.148037
0.032422	0.131676
0.241154	0.137894
0.103458	0.149777
0.008285	0.13904
0.088221	0.141992
0.222785	0.139096
0.201027	0.134209
0.300576	0.132865
0.280407	0.13495
0.318582	0.108881
0.321237	0.061069
0.314718	0.084437
0.307803	0.021693
0.299195	0.006041
0.305427	-0.016799
0.306162	-0.03761
0.304282	-0.057756
0.301022	-0.078429
-0.317174	-0.049923
0.295408	-0.10035
0.229231	-0.136854
0.283887	-0.125867
-0.336235	-0.139732
-0.290923	0.04123
-0.315938	-0.118501
-0.293174	0.020428
-0.28969	-0.003502
-0.295768	0.106041
-0.335283	-0.161902
-0.283759	0.060531
-0.288341	0.087493
-0.316748	-0.095981
-0.170019	-0.123632
-0.185216	-0.128945
0.177805	-0.132145
-0.148005	-0.129073
0.15978	-0.13534
0.008012	-0.124406
-0.022575	-0.140121
0.054779	-0.134419
0.024577	-0.121455
-0.196883	-0.119296
0.196359	-0.128048
-0.298627	0.12652
0.067596	-0.140465
0.105353	-0.132462
0.135863	-0.1232
-0.041112	-0.131794
0.12119	-0.128834
-0.056592	-0.138603
-0.126521	-0.128325
-0.081353	-0.129382
-0.221371	-0.121208
-0.317189	-0.0731
-0.257007	-0.118879
-0.295201	-0.119112
-0.275238	-0.119206
0.320464	0.130351
0.256636	-0.134334
-0.153618	0.112832
-0.17961	0.114483
-0.277603	0.110676
-0.258456	0.11
-0.133834	0.119939
-0.233855	0.124282
0.157094	0.124715
0.135037	0.122063
-0.21438	0.12134
-0.195634	0.119443
-0.113736	0.12418
0.111884	0.120439
0.173045	0.116354
-0.094925	0.126963
0.258457	0.118416
-0.061403	0.132527
-0.077525	0.129232
0.098403	0.129457
-0.039286	0.121648
0.057434	0.12514
0.041402	0.115895
-0.023051	0.126972
0.084409	0.117344
0.016665	0.123141
-0.007184	0.132522
0.237471	0.118185
0.206465	0.101841
0.278299	0.116421
0.223865	0.126427
0.298226	0.112986
0.306225	0.057684
0.291543	-0.018545
0.288274	-0.033665
0.285286	-0.052143
0.282128	-0.071409
-0.295161	-0.027702
0.212339	-0.121389
0.277418	-0.090103
0.268131	-0.1063
-0.314817	-0.140618
-0.273185	0.007128
-0.161342	-0.107748
-0.146348	-0.114414
-0.29635	-0.096544
-0.271393	0.037171
0.170058	-0.114376
-0.276268	0.096648
0.152251	-0.118266
-0.272399	0.076674
-0.129786	-0.113103
-0.185305	-0.106019
0.055602	-0.120921
-0.297053	-0.073856
0.187575	-0.110614
0.088549	-0.130619
0.126641	-0.106387
-0.113134	-0.106803
0.113122	-0.11336
-0.047172	-0.115244
-0.0889	-0.113387
-0.209796	-0.108607
-0.235549	-0.103341
-0.256591	-0.097848
-0.276257	-0.096813
-0.297123	-0.051042
0.234113	-0.116214
-0.168342	0.102554
-0.144958	0.096342
-0.186859	0.102952
-0.126846	0.103123
-0.23858	0.105208
0.157996	0.1024
0.177713	0.100103
0.135862	0.101004
-0.199358	0.102245
-0.218019	0.101592
-0.10834	0.107293
0.113759	0.09778
-0.090217	0.110163
0.191045	0.096838
-0.072674	0.112983
-0.049845	0.099641
0.050254	0.101238
0.08303	0.103043
0.065508	0.110477
0.275494	0.098396
0.258292	0.100947
0.22061	0.10798
0.241384	0.098711
0.293763	0.094681
0.075144	-0.106321
0.283373	0.027623
0.287801	0.08067
0.282954	0.058125
-0.025212	-0.127375
0.277718	-0.004601
0.270332	-0.026427
0.265699	-0.045604
0.203033	-0.105898
-0.267656	-0.014658
0.262868	-0.064877
0.260956	-0.082237
0.258149	-0.095004
-0.133908	-0.100589
-0.152271	-0.098547
-0.173053	-0.090658
0.162456	-0.096387
-0.273074	0.021282
-0.119844	-0.093494
0.143671	-0.100463
0.18071	-0.093721
-0.256587	0.034298
-0.27678	-0.074223
0.100581	-0.100024
-0.200213	-0.094098
-0.264244	0.053247
0.115773	-0.090276
-0.09623	-0.098423
-0.071309	-0.104989
-0.278125	-0.052356
-0.216475	-0.08563
-0.234014	-0.081678
-0.275859	-0.031737
0.217493	-0.101171
-0.160211	0.087572
-0.181272	0.093171
-0.137756	0.082492
-0.120704	0.087982
-0.195593	0.084989
0.154427	0.084209
0.136899	0.079662
-0.243888	0.085885
-0.219289	0.077791
0.125265	0.088141
0.167526	0.086968
-0.103093	0.090753
-0.085035	0.092888
0.103081	0.084389
0.071861	0.096847
0.211087	0.08915
0.271533	0.077215
0.245517	0.080774
0.225823	0.093051
0.268557	0.017669
0.268237	0.046504
0.1969	-0.091083
-0.254729	-0.073603
0.250926	-0.020077
-0.257677	0.0016
0.231314	-0.042594
0.244142	-0.080711
0.246395	-0.097408
-0.15128	-0.080281
-0.128249	-0.081538
-0.163781	-0.071529
0.156504	-0.077937
0.176656	-0.076981
-0.191073	-0.077713
0.134951	-0.08209
-0.104176	-0.084611
0.104272	-0.074894
-0.251313	0.020816
-0.248006	0.045587
-0.210282	-0.069388
-0.253744	0.069129
-0.260527	-0.051655
-0.228134	-0.064819
-0.261753	-0.036189
0.212861	-0.087569
0.251431	-0.114561
-0.153981	0.069694
-0.134697	0.062933
-0.180992	0.068086
-0.130444	0.072956
0.14925	0.072112
-0.116792	0.073999
0.127436	0.06521
0.162795	0.06755
-0.205274	0.058331
0.114183	0.073733
0.182624	0.079857
0.212652	0.072774
0.229792	0.074491
0.254961	0.063536
0.228473	-0.083905
0.25619	0.011533
0.253627	0.034601
0.195667	-0.050166
0.231773	-0.012148
-0.238555	-0.004673
0.243984	-0.038828
0.215987	-0.058143
-0.149418	-0.059895
-0.159798	-0.047881
-0.18077	-0.057047
0.177863	-0.058165
0.153282	-0.059694
0.125693	-0.061351
-0.235583	0.060033
-0.20493	-0.051246
-0.237357	0.035634
-0.225148	-0.046998
-0.244011	-0.046351
-0.246867	-0.025496
0.208261	-0.074697
-0.12351	-0.060202
-0.154409	0.05011
-0.176181	0.047526
-0.136333	0.050116
-0.116957	0.060459
0.141284	0.057333
0.155506	0.050691
-0.19737	0.040697
0.117896	0.049303
0.08982	0.071318
0.177051	0.062562
0.192797	0.057656
0.21143	0.053929
-0.2231	0.047249
-0.107932	-0.048644
0.236502	0.003735
0.224935	0.029241
-0.231923	0.013542
0.226579	-0.026092
0.20786	-0.034454
0.135049	-0.022498
-0.144203	-0.039728
-0.164172	-0.033669
0.152985	-0.041782
-0.182065	-0.035091
-0.202151	-0.032384
-0.218034	-0.008951
-0.11996	-0.037701
-0.214703	0.031985
-0.172353	0.029793
-0.149205	0.029984
-0.136113	0.038389
-0.19181	0.024935
0.146723	0.03399
0.132188	0.041495
0.170426	0.044719
0.186917	0.039298
0.205577	0.034531
0.234969	0.051069
0.2127	-0.00628
0.173953	-0.039617
0.217807	0.01039
0.209596	-0.046826
0.191951	-0.036051
-0.162469	-0.018547
0.141845	-0.005635
-0.179764	-0.017069
-0.198495	-0.01398
-0.210384	0.012468
-0.099619	0.074505
-0.222938	-0.028485
0.198528	0.015367
-0.171839	0.01428
-0.153501	0.012225
-0.186095	0.014302
-0.123541	-0.015018
0.13664	0.017411
0.162254	0.026825
0.179381	0.020138
0.154748	-0.010853
0.209328	-0.021262
-0.175541	-0.001065
-0.192922	0.002526
-0.146575	-0.021222
-0.13457	0.006159
-0.158215	-0.003575
0.15268	0.009863
0.170774	-0.000798
0.122157	0.025297
-0.12859	0.019872
0.191296	-0.02018
0.109633	0.033309
0.126024	0.000854
0.19307	-0.002964
-0.134333	-0.049571
-0.121939	0.033166
0.11707	-0.016531
-0.013373	-0.108518
0.040484	-0.12122
0.02294	-0.104148
-0.380486	0.205553
-0.025239	0.087759
-0.006582	0.09275
0.046472	0.077904
0.080791	0.046646
0.090847	-0.026049
0.001631	-0.089583
-0.069901	-0.064114
-0.082225	0.041527
-0.08748	-0.07468
0.080564	0.084097
-0.064155	-0.121829
0.000992	0.116022
-0.104522	0.028188
-0.100745	0.044231
0.099717	0.039708
0.09584	-0.061761
0.092424	0.094934
-0.113361	-0.071833
-0.008806	-0.126564
-0.140789	-0.00801
-0.118662	0.047173
0.071806	-0.124823
0.091739	-0.113847
0.130805	-0.040213
-0.132716	-0.028211
-0.055667	0.116648
0.012968	0.16127
0.154277	-0.024488
0.103742	-0.119748
0.101232	0.107497
-0.13825	-0.070413
-0.106917	-0.121678
-0.090782	-0.152795
-0.151179	-0.031619
-0.106025	-0.158174
0.124135	0.110537
0.026347	-0.135996
-0.023338	-0.157878
-0.141118	-0.090066
0.17291	-0.021553
0.073767	-0.15917
-0.036581	-0.162443
0.281807	0.153636
-0.006265	0.164359
0.146369	0.092158
0.149297	-0.152252
0.192843	-0.077438
0.191596	-0.066491
0.196557	0.074221
0.146817	0.112217
0.202697	-0.062207
0.124179	0.136303
-0.17427	0.083118
-0.144467	-0.104815
-0.158714	-0.08989
0.242659	0.020178
0.199709	0.086725
0.145166	0.129776
0.232007	-0.099279
-0.220655	-0.099113
-0.242824	-0.118294
0.221607	-0.036413
0.221115	-0.113314
0.299783	0.040714
0.258201	0.086157
0.223366	-0.070039
0.191761	0.115478
0.297494	0.069837
-0.241954	-0.061497
0.219309	-0.044684
0.227167	-0.05191
-0.22832	0.02706
0.203347	0.112539
0.212331	0.120288
-0.262751	0.092055
0.255271	-0.002865
0.240961	-0.061698
