-0.4	-0.2275
-0.38	-0.2275
-0.36	-0.2275
-0.34	-0.2275
-0.32	-0.2275
-0.3	-0.2275
-0.28	-0.2275
-0.26	-0.2275
-0.24	-0.2275
-0.22	-0.2275
-0.2	-0.2275
-0.18	-0.2275
-0.16	-0.2275
-0.14	-0.2275
-0.12	-0.2275
-0.1	-0.2275
-0.08	-0.2275
-0.06	-0.2275
-0.04	-0.2275
-0.02	-0.2275
0	-0.2275
0.02	-0.2275
0.04	-0.2275
0.06	-0.2275
0.08	-0.2275
0.1	-0.2275
0.12	-0.2275
0.14	-0.2275
0.16	-0.2275
0.18	-0.2275
0.2	-0.2275
0.22	-0.2275
0.24	-0.2275
0.26	-0.2275
0.28	-0.2275
0.3	-0.2275
0.32	-0.2275
0.34	-0.2275
0.36	-0.2275
0.38	-0.2275
0.4	-0.2275
-0.4	-0.20475
-0.38	-0.204713
-0.36	-0.204675
-0.34	-0.204638
-0.32	-0.2046
-0.3	-0.204563
-0.28	-0.204526
-0.26	-0.204488
-0.24	-0.204451
-0.22	-0.204414
-0.2	-0.204376
-0.18	-0.204339
-0.16	-0.204301
-0.14	-0.204264
-0.12	-0.204227
-0.1	-0.204189
-0.08	-0.204152
-0.06	-0.204115
-0.04	-0.204077
-0.02	-0.20404
0	-0.204002
0.02	-0.203965
0.04	-0.203928
0.06	-0.20389
0.08	-0.203853
0.1	-0.203816
0.12	-0.203778
0.14	-0.203741
0.16	-0.203703
0.18	-0.203666
0.2	-0.203629
0.22	-0.203591
0.24	-0.203554
0.26	-0.203516
0.28	-0.203479
0.3	-0.203442
0.32	-0.203404
0.34	-0.203367
0.36	-0.20333
0.38	-0.203292
0.4	-0.203255
-0.4	-0.182
-0.38	-0.181929
-0.36	-0.181859
-0.34	-0.181788
-0.32	-0.181717
-0.3	-0.181647
-0.28	-0.181576
-0.26	-0.181505
-0.24	-0.181435
-0.22	-0.181364
-0.2	-0.181293
-0.18	-0.181223
-0.16	-0.181152
-0.14	-0.181081
-0.12	-0.181011
-0.1	-0.18094
-0.08	-0.180869
-0.06	-0.180799
-0.04	-0.180728
-0.02	-0.180657
0	-0.180587
0.02	-0.180516
0.04	-0.180445
0.06	-0.180375
0.08	-0.180304
0.1	-0.180233
0.12	-0.180163
0.14	-0.180092
0.16	-0.180021
0.18	-0.179951
0.2	-0.17988
0.22	-0.179809
0.24	-0.179739
0.26	-0.179668
0.28	-0.179597
0.3	-0.179527
0.32	-0.179456
0.34	-0.179385
0.36	-0.179315
0.38	-0.179244
0.4	-0.179174
-0.4	-0.15925
-0.38	-0.15915
-0.36	-0.15905
-0.34	-0.15895
-0.32	-0.15885
-0.3	-0.158751
-0.28	-0.158651
-0.26	-0.158551
-0.24	-0.158451
-0.22	-0.158351
-0.2	-0.158251
-0.18	-0.158151
-0.16	-0.158051
-0.14	-0.157952
-0.12	-0.157852
-0.1	-0.157752
-0.08	-0.157652
-0.06	-0.157552
-0.04	-0.157452
-0.02	-0.157352
0	-0.157252
0.02	-0.157153
0.04	-0.157053
0.06	-0.156953
0.08	-0.156853
0.1	-0.156753
0.12	-0.156653
0.14	-0.156553
0.16	-0.156453
0.18	-0.156354
0.2	-0.156254
0.22	-0.156154
0.24	-0.156054
0.26	-0.155954
0.28	-0.155854
0.3	-0.155754
0.32	-0.155654
0.34	-0.155555
0.36	-0.155455
0.38	-0.155355
0.4	-0.155255
-0.4	-0.1365
-0.38	-0.136375
-0.36	-0.13625
-0.34	-0.136125
-0.32	-0.136
-0.3	-0.135875
-0.28	-0.13575
-0.26	-0.135625
-0.24	-0.1355
-0.22	-0.135375
-0.2	-0.135249
-0.18	-0.135124
-0.16	-0.134999
-0.14	-0.134874
-0.12	-0.134749
-0.1	-0.134624
-0.08	-0.134499
-0.06	-0.134374
-0.04	-0.134249
-0.02	-0.134124
0	-0.133999
0.02	-0.133874
0.04	-0.133749
0.06	-0.133624
0.08	-0.133499
0.1	-0.133374
0.12	-0.133249
0.14	-0.133124
0.16	-0.132999
0.18	-0.132874
0.2	-0.132748
0.22	-0.132623
0.24	-0.132498
0.26	-0.132373
0.28	-0.132248
0.3	-0.132123
0.32	-0.131998
0.34	-0.131873
0.36	-0.131748
0.38	-0.131623
0.4	-0.131498
-0.4	-0.11375
-0.38	-0.113604
-0.36	-0.113458
-0.34	-0.113311
-0.32	-0.113165
-0.3	-0.113019
-0.28	-0.112873
-0.26	-0.112727
-0.24	-0.11258
-0.22	-0.112434
-0.2	-0.112288
-0.18	-0.112142
-0.16	-0.111995
-0.14	-0.111849
-0.12	-0.111703
-0.1	-0.111557
-0.08	-0.111411
-0.06	-0.111264
-0.04	-0.111118
-0.02	-0.110972
0	-0.110826
0.02	-0.11068
0.04	-0.110533
0.06	-0.110387
0.08	-0.110241
0.1	-0.110095
0.12	-0.109949
0.14	-0.109802
0.16	-0.109656
0.18	-0.10951
0.2	-0.109364
0.22	-0.109217
0.24	-0.109071
0.26	-0.108925
0.28	-0.108779
0.3	-0.108633
0.32	-0.108486
0.34	-0.10834
0.36	-0.108194
0.38	-0.108048
0.4	-0.107902
-0.4	-0.091
-0.38	-0.090837
-0.36	-0.090673
-0.34	-0.09051
-0.32	-0.090346
-0.3	-0.090183
-0.28	-0.09002
-0.26	-0.089856
-0.24	-0.089693
-0.22	-0.08953
-0.2	-0.089366
-0.18	-0.089203
-0.16	-0.089039
-0.14	-0.088876
-0.12	-0.088713
-0.1	-0.088549
-0.08	-0.088386
-0.06	-0.088222
-0.04	-0.088059
-0.02	-0.087896
0	-0.087732
0.02	-0.087569
0.04	-0.087406
0.06	-0.087242
0.08	-0.087079
0.1	-0.086915
0.12	-0.086752
0.14	-0.086589
0.16	-0.086425
0.18	-0.086262
0.2	-0.086098
0.22	-0.085935
0.24	-0.085772
0.26	-0.085608
0.28	-0.085445
0.3	-0.085282
0.32	-0.085118
0.34	-0.084955
0.36	-0.084791
0.38	-0.084628
0.4	-0.084465
-0.4	-0.06825
-0.38	-0.068073
-0.36	-0.067897
-0.34	-0.06772
-0.32	-0.067544
-0.3	-0.067367
-0.28	-0.06719
-0.26	-0.067014
-0.24	-0.066837
-0.22	-0.066661
-0.2	-0.066484
-0.18	-0.066307
-0.16	-0.066131
-0.14	-0.065954
-0.12	-0.065778
-0.1	-0.065601
-0.08	-0.065424
-0.06	-0.065248
-0.04	-0.065071
-0.02	-0.064895
0	-0.064718
0.02	-0.064541
0.04	-0.064365
0.06	-0.064188
0.08	-0.064012
0.1	-0.063835
0.12	-0.063658
0.14	-0.063482
0.16	-0.063305
0.18	-0.063129
0.2	-0.062952
0.22	-0.062775
0.24	-0.062599
0.26	-0.062422
0.28	-0.062246
0.3	-0.062069
0.32	-0.061892
0.34	-0.061716
0.36	-0.061539
0.38	-0.061363
0.4	-0.061186
-0.4	-0.0455
-0.38	-0.045314
-0.36	-0.045128
-0.34	-0.044942
-0.32	-0.044756
-0.3	-0.044571
-0.28	-0.044385
-0.26	-0.044199
-0.24	-0.044013
-0.22	-0.043827
-0.2	-0.043641
-0.18	-0.043455
-0.16	-0.043269
-0.14	-0.043084
-0.12	-0.042898
-0.1	-0.042712
-0.08	-0.042526
-0.06	-0.04234
-0.04	-0.042154
-0.02	-0.041968
0	-0.041782
0.02	-0.041597
0.04	-0.041411
0.06	-0.041225
0.08	-0.041039
0.1	-0.040853
0.12	-0.040667
0.14	-0.040481
0.16	-0.040295
0.18	-0.040109
0.2	-0.039924
0.22	-0.039738
0.24	-0.039552
0.26	-0.039366
0.28	-0.03918
0.3	-0.038994
0.32	-0.038808
0.34	-0.038622
0.36	-0.038437
0.38	-0.038251
0.4	-0.038065
-0.4	-0.02275
-0.38	-0.022559
-0.36	-0.022367
-0.34	-0.022176
-0.32	-0.021985
-0.3	-0.021794
-0.28	-0.021602
-0.26	-0.021411
-0.24	-0.02122
-0.22	-0.021029
-0.2	-0.020837
-0.18	-0.020646
-0.16	-0.020455
-0.14	-0.020264
-0.12	-0.020072
-0.1	-0.019881
-0.08	-0.01969
-0.06	-0.019499
-0.04	-0.019307
-0.02	-0.019116
0	-0.018925
0.02	-0.018734
0.04	-0.018542
0.06	-0.018351
0.08	-0.01816
0.1	-0.017969
0.12	-0.017777
0.14	-0.017586
0.16	-0.017395
0.18	-0.017204
0.2	-0.017012
0.22	-0.016821
0.24	-0.01663
0.26	-0.016439
0.28	-0.016247
0.3	-0.016056
0.32	-0.015865
0.34	-0.015674
0.36	-0.015482
0.38	-0.015291
0.4	-0.0151
-0.4	0
-0.38	0.000193
-0.36	0.000386
-0.34	0.000578
-0.32	0.000771
-0.3	0.000964
-0.28	0.001157
-0.26	0.001349
-0.24	0.001542
-0.22	0.001735
-0.2	0.001928
-0.18	0.00212
-0.16	0.002313
-0.14	0.002506
-0.12	0.002699
-0.1	0.002891
-0.08	0.003084
-0.06	0.003277
-0.04	0.00347
-0.02	0.003662
0	0.003855
0.02	0.004048
0.04	0.004241
0.06	0.004433
0.08	0.004626
0.1	0.004819
0.12	0.005012
0.14	0.005204
0.16	0.005397
0.18	0.00559
0.2	0.005783
0.22	0.005975
0.24	0.006168
0.26	0.006361
0.28	0.006554
0.3	0.006746
0.32	0.006939
0.34	0.007132
0.36	0.007325
0.38	0.007517
0.4	0.00771
-0.4	0.02275
-0.38	0.02294
-0.36	0.023131
-0.34	0.023321
-0.32	0.023512
-0.3	0.023702
-0.28	0.023892
-0.26	0.024083
-0.24	0.024273
-0.22	0.024464
-0.2	0.024654
-0.18	0.024844
-0.16	0.025035
-0.14	0.025225
-0.12	0.025416
-0.1	0.025606
-0.08	0.025796
-0.06	0.025987
-0.04	0.026177
-0.02	0.026367
0	0.026558
0.02	0.026748
0.04	0.026939
0.06	0.027129
0.08	0.027319
0.1	0.02751
0.12	0.0277
0.14	0.027891
0.16	0.028081
0.18	0.028271
0.2	0.028462
0.22	0.028652
0.24	0.028843
0.26	0.029033
0.28	0.029223
0.3	0.029414
0.32	0.029604
0.34	0.029795
0.36	0.029985
0.38	0.030175
0.4	0.030366
-0.4	0.0455
-0.38	0.045684
-0.36	0.045868
-0.34	0.046053
-0.32	0.046237
-0.3	0.046421
-0.28	0.046605
-0.26	0.046789
-0.24	0.046974
-0.22	0.047158
-0.2	0.047342
-0.18	0.047526
-0.16	0.04771
-0.14	0.047895
-0.12	0.048079
-0.1	0.048263
-0.08	0.048447
-0.06	0.048632
-0.04	0.048816
-0.02	0.049
0	0.049184
0.02	0.049368
0.04	0.049553
0.06	0.049737
0.08	0.049921
0.1	0.050105
0.12	0.050289
0.14	0.050474
0.16	0.050658
0.18	0.050842
0.2	0.051026
0.22	0.05121
0.24	0.051395
0.26	0.051579
0.28	0.051763
0.3	0.051947
0.32	0.052131
0.34	0.052316
0.36	0.0525
0.38	0.052684
0.4	0.052868
-0.4	0.06825
-0.38	0.068424
-0.36	0.068598
-0.34	0.068773
-0.32	0.068947
-0.3	0.069121
-0.28	0.069295
-0.26	0.06947
-0.24	0.069644
-0.22	0.069818
-0.2	0.069992
-0.18	0.070166
-0.16	0.070341
-0.14	0.070515
-0.12	0.070689
-0.1	0.070863
-0.08	0.071038
-0.06	0.071212
-0.04	0.071386
-0.02	0.07156
0	0.071734
0.02	0.071909
0.04	0.072083
0.06	0.072257
0.08	0.072431
0.1	0.072606
0.12	0.07278
0.14	0.072954
0.16	0.073128
0.18	0.073302
0.2	0.073477
0.22	0.073651
0.24	0.073825
0.26	0.073999
0.28	0.074174
0.3	0.074348
0.32	0.074522
0.34	0.074696
0.36	0.07487
0.38	0.075045
0.4	0.075219
-0.4	0.091
-0.38	0.09116
-0.36	0.091321
-0.34	0.091481
-0.32	0.091642
-0.3	0.091802
-0.28	0.091963
-0.26	0.092123
-0.24	0.092284
-0.22	0.092444
-0.2	0.092605
-0.18	0.092765
-0.16	0.092925
-0.14	0.093086
-0.12	0.093246
-0.1	0.093407
-0.08	0.093567
-0.06	0.093728
-0.04	0.093888
-0.02	0.094049
0	0.094209
0.02	0.09437
0.04	0.09453
0.06	0.094691
0.08	0.094851
0.1	0.095011
0.12	0.095172
0.14	0.095332
0.16	0.095493
0.18	0.095653
0.2	0.095814
0.22	0.095974
0.24	0.096135
0.26	0.096295
0.28	0.096456
0.3	0.096616
0.32	0.096776
0.34	0.096937
0.36	0.097097
0.38	0.097258
0.4	0.097418
-0.4	0.11375
-0.38	0.113893
-0.36	0.114036
-0.34	0.114179
-0.32	0.114322
-0.3	0.114465
-0.28	0.114608
-0.26	0.114751
-0.24	0.114894
-0.22	0.115036
-0.2	0.115179
-0.18	0.115322
-0.16	0.115465
-0.14	0.115608
-0.12	0.115751
-0.1	0.115894
-0.08	0.116037
-0.06	0.11618
-0.04	0.116323
-0.02	0.116466
0	0.116609
0.02	0.116752
0.04	0.116895
0.06	0.117038
0.08	0.117181
0.1	0.117324
0.12	0.117467
0.14	0.117609
0.16	0.117752
0.18	0.117895
0.2	0.118038
0.22	0.118181
0.24	0.118324
0.26	0.118467
0.28	0.11861
0.3	0.118753
0.32	0.118896
0.34	0.119039
0.36	0.119182
0.38	0.119325
0.4	0.119468
-0.4	0.1365
-0.38	0.136622
-0.36	0.136743
-0.34	0.136865
-0.32	0.136987
-0.3	0.137109
-0.28	0.13723
-0.26	0.137352
-0.24	0.137474
-0.22	0.137595
-0.2	0.137717
-0.18	0.137839
-0.16	0.13796
-0.14	0.138082
-0.12	0.138204
-0.1	0.138326
-0.08	0.138447
-0.06	0.138569
-0.04	0.138691
-0.02	0.138812
0	0.138934
0.02	0.139056
0.04	0.139178
0.06	0.139299
0.08	0.139421
0.1	0.139543
0.12	0.139664
0.14	0.139786
0.16	0.139908
0.18	0.140029
0.2	0.140151
0.22	0.140273
0.24	0.140395
0.26	0.140516
0.28	0.140638
0.3	0.14076
0.32	0.140881
0.34	0.141003
0.36	0.141125
0.38	0.141246
0.4	0.141368
-0.4	0.15925
-0.38	0.159347
-0.36	0.159444
-0.34	0.15954
-0.32	0.159637
-0.3	0.159734
-0.28	0.159831
-0.26	0.159927
-0.24	0.160024
-0.22	0.160121
-0.2	0.160218
-0.18	0.160314
-0.16	0.160411
-0.14	0.160508
-0.12	0.160605
-0.1	0.160701
-0.08	0.160798
-0.06	0.160895
-0.04	0.160992
-0.02	0.161089
0	0.161185
0.02	0.161282
0.04	0.161379
0.06	0.161476
0.08	0.161572
0.1	0.161669
0.12	0.161766
0.14	0.161863
0.16	0.161959
0.18	0.162056
0.2	0.162153
0.22	0.16225
0.24	0.162347
0.26	0.162443
0.28	0.16254
0.3	0.162637
0.32	0.162734
0.34	0.16283
0.36	0.162927
0.38	0.163024
0.4	0.163121
-0.4	0.182
-0.38	0.182068
-0.36	0.182136
-0.34	0.182204
-0.32	0.182273
-0.3	0.182341
-0.28	0.182409
-0.26	0.182477
-0.24	0.182545
-0.22	0.182613
-0.2	0.182682
-0.18	0.18275
-0.16	0.182818
-0.14	0.182886
-0.12	0.182954
-0.1	0.183022
-0.08	0.18309
-0.06	0.183159
-0.04	0.183227
-0.02	0.183295
0	0.183363
0.02	0.183431
0.04	0.183499
0.06	0.183568
0.08	0.183636
0.1	0.183704
0.12	0.183772
0.14	0.18384
0.16	0.183908
0.18	0.183976
0.2	0.184045
0.22	0.184113
0.24	0.184181
0.26	0.184249
0.28	0.184317
0.3	0.184385
0.32	0.184454
0.34	0.184522
0.36	0.18459
0.38	0.184658
0.4	0.184726
-0.4	0.20475
-0.38	0.204786
-0.36	0.204822
-0.34	0.204858
-0.32	0.204894
-0.3	0.204929
-0.28	0.204965
-0.26	0.205001
-0.24	0.205037
-0.22	0.205073
-0.2	0.205109
-0.18	0.205145
-0.16	0.205181
-0.14	0.205217
-0.12	0.205252
-0.1	0.205288
-0.08	0.205324
-0.06	0.20536
-0.04	0.205396
-0.02	0.205432
0	0.205468
0.02	0.205504
0.04	0.20554
0.06	0.205575
0.08	0.205611
0.1	0.205647
0.12	0.205683
0.14	0.205719
0.16	0.205755
0.18	0.205791
0.2	0.205827
0.22	0.205863
0.24	0.205898
0.26	0.205934
0.28	0.20597
0.3	0.206006
0.32	0.206042
0.34	0.206078
0.36	0.206114
0.38	0.20615
0.4	0.206186
-0.4	0.2275
-0.38	0.2275
-0.36	0.2275
-0.34	0.2275
-0.32	0.2275
-0.3	0.2275
-0.28	0.2275
-0.26	0.2275
-0.24	0.2275
-0.22	0.2275
-0.2	0.2275
-0.18	0.2275
-0.16	0.2275
-0.14	0.2275
-0.12	0.2275
-0.1	0.2275
-0.08	0.2275
-0.06	0.2275
-0.04	0.2275
-0.02	0.2275
0	0.2275
0.02	0.2275
0.04	0.2275
0.06	0.2275
0.08	0.2275
0.1	0.2275
0.12	0.2275
0.14	0.2275
0.16	0.2275
0.18	0.2275
0.2	0.2275
0.22	0.2275
0.24	0.2275
0.26	0.2275
0.28	0.2275
0.3	0.2275
0.32	0.2275
0.34	0.2275
0.36	0.2275
0.38	0.2275
0.4	0.2275
