-0.030902	0.095106
-0.045399	0.089101
-0.070711	0.070711
-0.089101	0.045399
-0.095106	0.030902
-0.1	0
-0.095106	-0.030902
-0.089101	-0.045399
-0.070711	-0.070711
-0.045399	-0.089101
-0.030902	-0.095106
0	-0.1
0.030902	-0.095106
0.045399	-0.089101
0.070711	-0.070711
0.089101	-0.045399
0.095106	-0.030902
0.1	0
0.095106	0.030902
0.089101	0.045399
0.070711	0.070711
0.045399	0.089101
0.030902	0.095106
0	0.1
-0.015643	0.098769
-0.058779	0.080902
-0.080902	0.058779
-0.098769	0.015643
-0.098769	-0.015643
-0.080902	-0.058779
-0.058779	-0.080902
-0.015643	-0.098769
0.015643	-0.098769
0.058779	-0.080902
0.080902	-0.058779
0.098769	-0.015643
0.098769	0.015643
0.080902	0.058779
0.058779	0.080902
0.015643	0.098769
-0.027553	0.083127
0.083767	-0.012026
-0.089086	-0.000628
-0.038038	-0.076589
0.012066	-0.074029
0.049044	-0.068908
0.067993	-0.049009
0.080341	-0.024912
-0.081766	0.023954
0.068224	0.051027
0.049065	0.07043
-0.01484	0.085476
-0.049544	0.068647
-0.068262	0.047978
-0.086695	0.011881
-0.0875	-0.013373
-0.069174	-0.048711
-0.049576	-0.068793
-0.013434	-0.086325
0.000032	-0.08715
0.059331	-0.059627
0.075034	-0.037308
0.085277	0.001086
0.081037	0.027459
0.059411	0.061384
0.037862	0.077396
-0.001404	0.08543
-0.041169	-0.057878
0.048829	0.052813
-0.069453	0.015266
0.061888	-0.029613
0.027767	-0.063824
-0.080766	-0.00137
0.066432	-0.018905
-0.000374	-0.061522
0.069765	-0.008144
0.055997	-0.040232
0.056301	0.043611
-0.026521	-0.083175
0.075593	0.039613
-0.083114	-0.025913
0.084497	0.014463
-0.060112	-0.059265
-0.059438	0.059004
-0.038947	0.077015
-0.075659	0.036145
0.025413	0.082348
-0.076863	-0.037531
0.012215	0.084031
-0.072161	-0.019588
-0.063359	0.026854
-0.057791	-0.038343
0.068522	0.023778
0.071935	0.002508
-0.030943	0.066598
-0.015553	0.072562
0.030228	0.066239
-0.028451	-0.064006
-0.039692	0.057959
0.04919	-0.022868
-0.057671	0.004191
0.044854	0.036404
0.024802	-0.048595
-0.022397	-0.073903
-0.026135	-0.049377
0.010228	0.067213
0.038292	0.045391
-0.0541	-0.015094
0.057976	0.019047
-0.051835	0.018865
-0.019032	0.058623
0.052824	-0.012844
-0.056768	0.038264
-0.03889	0.039555
0.041744	0.019976
-0.045786	0.003207
0.02718	0.040149
-0.040356	-0.007641
0.000138	0.054541
0.021522	0.05408
-0.003626	0.071791
-0.040009	-0.040082
0.036404	-0.018042
0.060032	0.005564
0.023951	0.021788
-0.023942	-0.006723
-0.046649	0.030174
-0.030328	-0.01968
-0.002628	0.035975
0.039104	-0.00678
0.035668	-0.027627
0.050387	0.011803
-0.030496	0.03044
-0.027403	-0.035402
0.016138	0.033148
-0.021016	0.038283
0.024015	-0.017525
-0.013316	0.027761
-0.038161	0.013532
-0.03556	-0.049068
0.01364	0.013377
-0.029644	0.048562
0.026427	-0.033294
0.023485	-0.000698
-0.017817	0.008919
-0.014167	-0.034321
0.005324	0.024996
0.011624	-0.019381
0.038746	-0.041061
-0.065188	-0.028242
0.044832	-0.032923
-0.01413	-0.020179
-0.00058	-0.048174
-0.000974	-0.010057
0.001877	0.005723
0.008692	0.044641
-0.011106	-0.004314
-0.005849	0.016764
0.012601	-0.033728
-0.000751	-0.034222
-0.013387	-0.061845
0.012635	-0.048253
-0.001105	-0.021022
0.013501	-0.086276
0.02656	-0.083088
0.037844	-0.076491
0.022118	-0.073715
-0.000129	-0.074203
0.048862	-0.049776
0.03995	-0.057995
0.072151	0.013332
0.063108	0.033812
0.040173	0.060908
0.022309	0.071808
-0.024562	0.074064
-0.048643	0.048712
-0.075938	0.005989
-0.077191	-0.009464
-0.050148	-0.048728
-0.01225	-0.073941
0.012764	-0.061741
0.034285	-0.048919
0.056529	-0.003301
0.063216	0.012477
0.051796	0.0274
0.033645	0.053231
-0.013664	-0.048635
-0.007104	0.061507
-0.010713	0.046462
-0.03843	0.02487
-0.045725	-0.02818
-0.064433	-0.012505
-0.024479	0.020009
0.034279	0.029393
-0.068337	-0.00276
-0.02995	0.001907
0.033035	0.011073
0.044287	0.003037
0.008983	-0.005678
-0.266667	-0.2275
-0.25	-0.2275
-0.233333	-0.2275
-0.216667	-0.2275
-0.2	-0.2275
-0.183333	-0.2275
-0.166667	-0.2275
-0.15	-0.2275
-0.133333	-0.2275
-0.116667	-0.2275
-0.1	-0.2275
-0.083333	-0.2275
-0.066667	-0.2275
-0.05	-0.2275
-0.033333	-0.2275
-0.016667	-0.2275
0	-0.2275
0.016667	-0.2275
0.033333	-0.2275
0.05	-0.2275
0.066667	-0.2275
0.083333	-0.2275
0.1	-0.2275
0.116667	-0.2275
0.133333	-0.2275
0.15	-0.2275
0.166667	-0.2275
0.183333	-0.2275
0.2	-0.2275
0.216667	-0.2275
0.233333	-0.2275
0.25	-0.2275
0.266667	-0.2275
0.283333	-0.2275
0.3	-0.2275
0.316667	-0.2275
0.333333	-0.2275
0.35	-0.2275
0.366667	-0.2275
0.383333	-0.2275
0.4	-0.21
0.4	-0.1925
0.4	-0.175
0.4	-0.1575
0.4	-0.14
0.4	-0.1225
0.4	-0.105
0.4	-0.0875
0.4	-0.07
0.4	-0.0525
0.4	-0.035
0.4	-0.0175
0.4	0
0.4	0.0175
0.4	0.035
0.4	0.0525
0.4	0.07
0.4	0.0875
0.4	0.105
0.4	0.1225
0.4	0.14
0.4	0.1575
0.4	0.175
0.4	0.1925
0.4	0.21
0.383333	0.2275
0.366667	0.2275
0.35	0.2275
0.333333	0.2275
0.316667	0.2275
0.3	0.2275
0.283333	0.2275
0.266667	0.2275
0.25	0.2275
0.233333	0.2275
0.216667	0.2275
0.2	0.2275
0.183333	0.2275
0.166667	0.2275
0.15	0.2275
0.133333	0.2275
0.116667	0.2275
0.1	0.2275
0.083333	0.2275
0.066667	0.2275
0.05	0.2275
0.033333	0.2275
0.016667	0.2275
0	0.2275
-0.016667	0.2275
-0.033333	0.2275
-0.05	0.2275
-0.066667	0.2275
-0.083333	0.2275
-0.1	0.2275
-0.116667	0.2275
-0.133333	0.2275
-0.15	0.2275
-0.166667	0.2275
-0.183333	0.2275
-0.2	0.2275
-0.216667	0.2275
-0.233333	0.2275
-0.25	0.2275
-0.266667	0.2275
-0.283333	0.2275
-0.3	0.2275
-0.316667	0.2275
-0.333333	0.2275
-0.35	0.2275
-0.366667	0.2275
-0.383333	0.2275
-0.4	0.21
-0.4	0.1925
-0.4	0.175
-0.4	0.1575
-0.4	0.14
-0.4	0.1225
-0.4	0.105
-0.4	0.0875
-0.4	0.07
-0.4	0.0525
-0.4	0.035
-0.4	0.0175
-0.4	0
-0.4	-0.0175
-0.4	-0.035
-0.4	-0.0525
-0.4	-0.07
-0.4	-0.0875
-0.4	-0.105
-0.4	-0.1225
-0.4	-0.14
-0.4	-0.1575
-0.4	-0.175
-0.4	-0.1925
-0.4	-0.21
0.4	0.2275
0.4	-0.2275
-0.4	0.2275
-0.4	-0.2275
-0.383333	-0.2275
-0.366667	-0.2275
-0.35	-0.2275
-0.333333	-0.2275
-0.316667	-0.2275
-0.3	-0.2275
-0.283333	-0.2275
0.016645	-0.130161
0.367857	-0.123878
-0.367828	-0.049619
0.367281	-0.087599
-0.365971	0.05285
0.367077	0.051228
0.367625	-0.193843
0.334332	-0.19368
0.300223	-0.192262
0.266038	-0.193714
0.230646	-0.190961
0.197474	-0.196365
0.150318	-0.196203
0.118339	-0.195668
0.085222	-0.194615
0.051005	-0.192851
0.016667	-0.194231
-0.017118	-0.194806
-0.049042	-0.196934
-0.081149	-0.19345
-0.117585	-0.186849
-0.151894	-0.194957
-0.198661	-0.195287
-0.230003	-0.194694
-0.262559	-0.193103
-0.297921	-0.18541
-0.334219	-0.19215
-0.366776	-0.192746
0.368005	-0.159812
0.324587	-0.139337
0.287904	-0.157813
0.26633	-0.158831
0.236262	-0.147776
0.182404	-0.151433
0.150789	-0.16316
0.119381	-0.164525
0.088981	-0.164292
0.055356	-0.157316
0.020455	-0.160518
-0.008834	-0.163233
-0.048833	-0.159228
-0.089125	-0.147618
-0.120303	-0.159558
-0.155542	-0.165771
-0.195119	-0.161764
-0.227344	-0.162087
-0.261474	-0.142656
-0.297124	-0.158287
-0.335	-0.15646
-0.367143	-0.157731
0.338295	-0.104901
0.288519	-0.128464
0.254788	-0.124502
0.227083	-0.133679
0.198226	-0.129789
0.149752	-0.126791
0.114391	-0.117477
0.085537	-0.110789
0.047226	-0.120133
-0.017343	-0.129287
-0.051179	-0.12011
-0.085707	-0.11414
-0.120042	-0.126617
-0.154525	-0.120023
-0.19149	-0.12248
-0.225941	-0.132701
-0.255434	-0.109327
-0.293953	-0.124741
-0.334892	-0.106242
-0.367137	-0.122406
0.336915	-0.086967
0.310194	-0.087297
0.260944	-0.092844
0.224792	-0.091848
0.194612	-0.091597
0.163588	-0.091277
0.11517	-0.090438
0.366821	-0.018421
0.334359	-0.018289
0.301803	-0.016022
0.259618	-0.011838
0.223539	-0.007908
0.186013	-0.017968
0.164269	-0.023838
0.129673	-0.016537
0.123936	-0.051735
0.161595	-0.056666
0.182297	-0.049342
0.23335	-0.056292
0.26103	-0.046756
0.299517	-0.051191
0.334204	-0.05198
0.36675	-0.05268
0.367251	0.016215
0.335997	0.014629
0.307371	0.01369
0.26831	0.019863
0.232032	0.015289
0.192612	0.017115
0.160021	0.020503
0.128682	0.016478
0.335091	0.047816
0.290421	0.046795
0.263776	0.052742
0.234754	0.05445
0.19214	0.050408
0.162978	0.05004
0.131235	0.052258
0.36668	0.122042
0.319876	0.124223
0.293095	0.128588
0.248887	0.118248
0.225189	0.13055
0.19288	0.120507
0.163147	0.125539
0.127903	0.119951
0.091914	0.135556
0.049918	0.122434
0.017325	0.128446
-0.017659	0.126643
-0.052285	0.130757
-0.0886	0.124812
-0.125142	0.118547
-0.148601	0.122525
-0.186812	0.126674
-0.22559	0.120919
-0.263536	0.120218
-0.286241	0.123696
-0.331343	0.110704
-0.365973	0.124867
-0.364575	0.088539
-0.32497	0.083987
-0.298793	0.096341
-0.258303	0.092554
-0.229304	0.097676
-0.191288	0.092296
-0.161047	0.085435
-0.132718	0.08655
-0.08574	0.095453
0.077468	0.105126
0.120339	0.08375
0.158074	0.079421
0.188129	0.090375
0.22913	0.084993
0.26181	0.090313
0.297494	0.09861
0.327447	0.083543
0.366191	0.086181
0.367036	0.157796
0.336433	0.157151
0.296172	0.157251
0.260799	0.143253
0.22549	0.162867
0.193208	0.160562
0.16016	0.160274
0.125874	0.157169
0.086879	0.160462
0.053527	0.154573
0.015055	0.151233
-0.017839	0.157321
-0.049678	0.158106
-0.091741	0.152793
-0.120493	0.164977
-0.146846	0.163221
-0.185151	0.158381
-0.234719	0.153459
-0.27087	0.168036
-0.299198	0.163225
-0.314766	0.144713
-0.366909	0.159751
0.366659	0.192624
0.333652	0.191604
0.29724	0.184971
0.262181	0.192965
0.229474	0.194425
0.196568	0.194101
0.16352	0.194252
0.115577	0.195601
0.084041	0.195341
0.050917	0.193787
0.016486	0.19412
-0.015693	0.192884
-0.052936	0.186991
-0.087851	0.195176
-0.119246	0.197288
-0.150673	0.196324
-0.19369	0.180553
-0.234765	0.191718
-0.268007	0.195861
-0.30019	0.195547
-0.33336	0.19453
-0.367124	0.193741
-0.367118	0.018774
-0.33559	0.018631
-0.308527	0.019303
-0.264473	0.010473
-0.227221	0.012585
-0.185241	0.016828
-0.157915	0.009811
-0.131267	0.012723
-0.125663	0.05239
-0.162144	0.052467
-0.195865	0.059246
-0.22614	0.053653
-0.261431	0.052591
-0.304236	0.05317
-0.329423	0.052098
-0.367987	-0.01521
-0.336999	-0.012578
-0.30086	-0.00924
-0.258842	-0.011295
-0.217337	-0.020846
-0.190278	-0.01162
-0.167055	-0.019024
-0.127896	-0.022877
-0.322565	-0.054698
-0.292541	-0.052949
-0.250288	-0.048333
-0.230264	-0.058931
-0.203558	-0.05813
-0.157009	-0.049326
-0.118442	-0.064868
-0.089037	-0.091147
-0.130255	-0.101213
-0.156105	-0.083325
-0.188082	-0.085936
-0.217588	-0.085211
-0.260704	-0.090315
-0.304415	-0.091613
-0.333083	-0.07226
-0.365756	-0.085676
0.120083	-0.004763
-0.114504	-0.001783
-0.00498	-0.120644
0.007891	-0.116099
-0.112797	-0.019163
0.115236	0.007566
-0.004565	0.113865
0.006964	0.118334
0.091581	-0.067411
-0.053663	-0.099985
-0.054774	0.104967
-0.091761	-0.067879
0.053928	0.101365
-0.091697	0.066358
0.052927	-0.099658
0.091634	0.067532
-0.081406	0.07911
0.066973	-0.090393
0.081346	0.081444
-0.066954	-0.090791
0.068054	0.09232
-0.079721	-0.080171
0.079925	-0.079521
-0.071354	0.094761
0.099696	0.052554
0.038085	-0.106813
-0.102255	-0.053753
0.109896	-0.040802
-0.102209	0.052829
0.040276	0.109376
-0.037874	0.114879
-0.040498	-0.108299
-0.028665	-0.116477
-0.019136	0.113206
0.110864	0.022025
-0.108969	-0.036747
0.02839	0.11701
-0.114778	0.015858
0.117811	-0.028481
0.022801	-0.11194
-0.082806	-0.210331
-0.033028	-0.211633
0.016856	-0.210637
0.067296	-0.210533
0.117399	-0.211591
0.215483	-0.211098
0.166381	-0.212178
0.266301	-0.210412
0.316892	-0.210326
0.367192	-0.21065
0.099958	0.211716
0.050362	0.210619
-0.000069	0.210784
-0.051287	0.208263
-0.350207	0.210789
-0.30014	0.211494
-0.101591	0.211956
-0.150436	0.212103
-0.250275	0.210749
-0.19961	0.210208
0.383695	-0.210396
0.350531	-0.210717
0.33372	-0.210515
0.30012	-0.210119
0.283262	-0.210287
0.249324	-0.21014
0.232248	-0.209923
0.198951	-0.211882
0.182614	-0.212175
0.15009	-0.21203
0.133805	-0.211838
0.100859	-0.2113
0.084117	-0.210941
0.050428	-0.210244
0.03366	-0.21026
-0.000048	-0.210982
-0.016689	-0.211289
-0.049551	-0.211855
-0.066186	-0.211368
-0.099804	-0.209181
-0.366965	0.210585
-0.333417	0.210975
-0.316736	0.211246
-0.283643	0.211642
-0.267127	0.211442
-0.233309	0.209551
-0.216413	0.208726
-0.182919	0.211281
-0.166676	0.211791
-0.134199	0.212331
-0.117925	0.212376
-0.085057	0.211006
-0.068235	0.209489
-0.03377	0.209049
-0.016688	0.210043
0.016664	0.210735
0.033431	0.210652
0.067094	0.211005
0.083539	0.211461
0.116209	0.211732
-0.282047	-0.208788
-0.231807	-0.211157
-0.183212	-0.211644
-0.133829	-0.209682
0.148722	0.211216
0.298702	0.207573
0.349827	0.209794
0.248137	0.210619
0.198306	0.210776
-0.333377	-0.209583
-0.116919	-0.208372
-0.150536	-0.210934
-0.166941	-0.21155
-0.199419	-0.211579
-0.21555	-0.211407
-0.248318	-0.210782
-0.265065	-0.209952
-0.299001	-0.20767
-0.316315	-0.208564
-0.350049	-0.20999
-0.366718	-0.210077
0.132395	0.211491
0.165184	0.210968
0.181716	0.210852
0.214889	0.210846
0.231439	0.21085
0.26488	0.209891
0.281806	0.208612
0.315919	0.208333
0.333082	0.209247
0.366613	0.209954
0.383324	0.210003
0.383384	0.157697
-0.383471	-0.157712
-0.383418	-0.175191
0.383156	0.104546
-0.382989	-0.104627
0.383196	0.122273
-0.383317	-0.122389
0.383926	-0.158687
0.383611	-0.123245
0.383362	-0.070066
0.383317	-0.03537
0.383354	0.069495
0.38338	0.175185
-0.383858	-0.016343
-0.383261	0.035558
-0.383523	0.158603
-0.382902	0.123582
-0.3832	-0.069036
0.383508	0.01686
-0.382624	0.070402
0.383367	0.192586
0.383322	0.140045
0.383183	0.086928
0.383469	0.051942
0.38354	0.034402
0.383454	-0.000613
0.383424	-0.018
0.383392	-0.052613
0.383448	-0.087584
0.383539	-0.105342
0.383793	-0.141086
0.384014	-0.176067
0.383934	-0.193235
-0.383401	-0.192634
-0.383495	-0.140083
-0.382898	-0.086707
-0.383633	-0.051233
-0.38389	-0.033715
-0.383753	0.000924
-0.383576	0.018242
-0.38299	0.052856
-0.382377	0.088092
-0.382535	0.10583
-0.383252	0.141161
-0.383676	0.175934
-0.383697	0.193136
0.134586	0.004846
-0.130704	-0.005026
-0.001483	0.130607
0.004097	-0.135648
0.084676	0.120135
-0.07606	-0.101669
-0.079073	0.11184
0.07597	-0.100585
0.102966	-0.077776
-0.102481	-0.079076
-0.102528	0.075103
0.104624	0.076612
0.123448	0.029968
-0.124053	-0.04241
-0.134087	0.029772
0.132721	-0.039329
-0.029971	0.131485
0.031245	-0.125619
-0.039939	-0.129099
0.038055	0.13062
0.351086	-0.193964
-0.350299	0.194131
0.282994	-0.193257
-0.284181	0.196024
0.249276	-0.193073
-0.251669	0.194504
-0.098332	-0.191245
-0.000518	-0.195073
0.101985	-0.195367
0.16605	-0.196508
0.099833	0.195898
0.000284	0.194914
-0.103783	0.196956
-0.166487	0.195647
0.134421	-0.195957
0.033695	-0.192692
-0.065079	-0.195839
-0.134901	0.19715
-0.032821	0.191206
0.067856	0.194639
0.350167	0.192366
0.245762	0.194122
-0.350433	-0.192635
-0.167489	-0.195823
-0.317482	-0.190278
0.316714	0.189522
-0.24615	-0.194313
0.367003	0.139957
-0.367425	-0.139976
0.367922	-0.17691
-0.367727	0.001747
-0.367086	0.176759
0.36713	-0.001169
0.367317	0.033659
0.367679	-0.105465
0.368032	-0.141853
-0.368219	-0.032151
-0.365156	0.106741
-0.366495	0.142319
-0.167975	-0.180533
0.165772	-0.180396
-0.166255	0.178661
0.250873	-0.176489
-0.25441	0.179327
0.243063	0.178221
-0.243811	-0.178272
0.13497	-0.179878
-0.134968	0.182482
0.152351	-0.015785
-0.146905	0.009911
-0.018585	-0.151954
0.098589	0.114442
-0.092144	0.105126
-0.098158	-0.103959
0.28169	-0.177115
-0.284711	0.180851
-0.144323	-0.027247
0.141726	0.024722
-0.094836	-0.175445
0.099433	0.180629
0.103295	-0.180112
-0.106268	0.182926
-0.022849	0.144002
0.023637	-0.142884
0.026538	0.140167
-0.321239	-0.17444
0.320346	0.172606
-0.135872	-0.192454
0.147113	0.194506
-0.062669	-0.181553
0.06921	0.178697
0.351707	-0.177151
-0.350233	0.177393
-0.350909	-0.175152
0.350811	0.175076
0.032563	-0.173383
-0.030537	0.174966
0.114222	-0.064748
0.06298	0.11407
-0.113311	0.063428
-0.06328	-0.110978
0.352963	-0.123747
-0.34914	0.126052
0.351217	0.139842
-0.352113	-0.13953
0.351459	0.032669
-0.352596	-0.013908
0.001015	0.181776
-0.14065	-0.177378
0.145368	0.177367
0.127454	-0.07591
-0.123394	0.075221
-0.07289	-0.122077
0.071311	0.127758
-0.1539	-0.179973
0.161835	0.177344
0.150505	-0.180035
-0.150042	0.180275
0.265836	-0.177011
-0.269559	0.181193
-0.258976	-0.176766
0.258353	0.176735
0.119168	-0.180145
-0.120332	0.182517
-0.150061	-0.008579
0.153498	0.003147
0.01209	-0.14839
0.299834	-0.171649
-0.300231	0.179688
0.136498	0.037724
-0.14039	-0.045993
-0.077903	-0.175655
0.084608	0.179246
0.086689	-0.179048
-0.092078	0.180509
-0.012034	0.138325
-0.041403	0.141965
0.037953	-0.139967
0.046374	0.142809
-0.335763	-0.175051
0.335313	0.174361
-0.048648	-0.183882
0.051492	0.176369
-0.367018	-0.175232
0.366953	0.175226
0.014989	-0.179209
-0.012061	0.173822
0.35256	-0.105213
-0.3481	0.108049
0.351368	0.157509
-0.351242	-0.157322
0.350887	0.0499
-0.352886	-0.047122
-0.353064	-0.030271
0.351447	0.015392
0.351795	-0.087204
-0.3457	0.088514
0.352336	-0.159973
-0.350002	0.160487
-0.351693	-0.122268
0.350431	0.1218
0.352851	-0.141853
-0.349616	0.143295
0.35108	-0.001627
-0.352016	0.002405
-0.050312	-0.140251
0.111978	0.060341
0.147072	-0.049004
-0.140631	0.044566
-0.065238	0.120301
0.061839	-0.111165
0.334762	0.12246
-0.33684	-0.122722
0.338875	-0.122911
-0.332185	0.127244
-0.336522	0.002885
0.335354	-0.001784
0.125996	0.067885
-0.125266	-0.085559
-0.350296	-0.10429
0.349124	0.103362
0.350643	-0.018513
-0.35117	0.018994
-0.032411	0.159973
0.009735	-0.166227
0.003235	0.162425
-0.075597	0.133483
0.07247	-0.122661
0.336894	-0.159135
-0.332845	0.161084
0.006573	0.140131
-0.144724	-0.163463
0.144346	0.160732
0.058507	0.135258
-0.167769	-0.165769
0.176395	0.160443
0.165896	-0.163664
-0.165717	0.162068
-0.273443	-0.173264
0.272707	0.173286
0.251336	-0.160231
-0.246339	0.160464
-0.254983	-0.161098
0.254061	0.161244
0.135124	-0.163585
-0.13415	0.170523
-0.316396	0.178655
0.279091	-0.164674
-0.284472	0.166445
0.154907	0.031789
-0.160997	-0.033239
-0.101036	-0.155785
0.099135	0.168158
0.10446	-0.166224
-0.098126	0.166649
0.06976	-0.177183
-0.077873	0.176069
0.02761	-0.153404
-0.032239	0.148605
0.035101	0.15116
-0.323546	-0.162471
-0.066874	-0.162894
0.058758	0.164518
-0.034437	-0.181675
0.03329	0.179001
0.349511	0.067436
-0.351539	-0.064562
-0.348897	0.069217
0.351006	-0.069636
-0.061638	-0.131432
0.138435	-0.062684
-0.134963	0.066004
-0.150407	0.024898
0.155506	-0.036025
-0.080299	-0.132112
0.079093	0.142921
-0.039316	-0.14991
0.140998	-0.08723
-0.143252	0.078519
0.336108	0.031201
-0.337887	-0.028064
0.024368	0.161311
-0.07318	-0.143539
0.065841	0.148736
-0.005039	0.149998
0.167702	-0.145211
-0.16229	0.147689
-0.165627	-0.151346
0.174707	0.144406
0.173301	0.025961
-0.176743	-0.03867
0.2773	-0.148761
-0.28126	0.153565
-0.3077	-0.168997
0.306565	0.167816
-0.315115	-0.156719
0.323045	0.15657
-0.251091	-0.146777
0.24975	0.146913
0.248521	-0.145344
-0.244329	0.140247
-0.138448	-0.064917
0.145408	0.058963
0.057982	-0.136946
-0.063046	0.144521
0.366231	0.103887
-0.366338	-0.104067
0.366782	-0.035522
-0.366596	0.035862
0.338276	-0.140891
-0.332433	0.144093
-0.044219	0.173717
0.015291	0.175665
-0.128568	-0.171649
0.129092	0.177359
-0.182493	-0.179926
0.178229	0.177323
0.180876	-0.180966
-0.181423	0.178298
0.238244	-0.160213
-0.239767	0.175255
0.22729	0.178402
-0.228146	-0.178167
-0.278522	-0.151925
0.277505	0.152657
0.317292	-0.192784
-0.316717	0.195023
-0.033043	-0.196251
0.068197	-0.193716
0.033428	0.194169
-0.07146	0.191979
-0.315674	0.161769
0.307826	-0.15315
-0.108566	-0.169246
0.114131	0.179294
0.072631	-0.160749
-0.085569	0.162706
-0.039798	-0.168991
0.332463	0.064647
-0.336822	-0.059364
0.366537	0.068698
-0.36694	-0.067313
-0.365407	0.070259
0.367099	-0.069857
-0.334225	0.068323
0.33548	-0.069184
0.321735	0.140965
-0.322795	-0.14699
-0.320871	0.003694
0.319758	-0.001517
-0.095487	-0.130787
0.100795	0.150195
0.13057	-0.099121
-0.14107	0.095006
0.321384	0.029403
-0.322506	-0.025851
0.32308	-0.086744
-0.313699	0.09762
-0.074686	-0.156139
0.070394	0.163458
0.077506	-0.145188
-0.085064	0.144254
0.141719	0.074764
-0.140559	-0.083009
-0.112715	-0.142659
0.112682	0.142524
0.306717	0.144059
-0.306275	-0.148665
0.181706	-0.196644
-0.18192	0.195093
0.043283	0.162285
0.131078	0.194894
0.150673	-0.146084
-0.143164	0.142097
-0.14648	-0.146675
0.157163	0.141141
0.177839	0.013688
-0.182288	-0.025438
-0.254216	-0.129142
0.254981	0.129846
0.259716	-0.141766
-0.271809	0.158545
0.350413	-0.0354
-0.349957	0.035857
0.285496	0.167244
-0.28641	-0.16733
0.318491	-0.174883
-0.018213	-0.176653
0.348125	0.085023
-0.347328	-0.083562
-0.348885	0.052341
0.350636	-0.052312
-0.31413	-0.138692
0.305832	0.126593
0.31843	-0.017516
-0.321548	0.018028
0.103432	0.129515
-0.10762	-0.117083
0.114891	-0.103072
-0.12421	0.096658
0.311743	-0.13619
-0.315172	0.127774
0.321286	0.013809
-0.320691	-0.010748
0.313041	-0.119809
-0.31484	0.111733
-0.098088	0.136995
0.093156	-0.150811
0.138113	0.091042
-0.143207	-0.099021
0.284964	-0.139697
-0.295711	0.144857
-0.212461	-0.177646
0.211234	0.177985
0.220798	-0.179486
-0.225603	0.168476
-0.073948	0.155008
-0.155681	-0.066349
0.159693	0.063844
-0.271666	-0.136923
0.27124	0.13848
0.05216	-0.175304
-0.063923	0.168891
-0.197466	-0.178725
0.194757	0.177529
0.194656	-0.166048
-0.202012	0.17052
0.295408	-0.146213
0.334132	-0.035042
-0.333788	0.034925
0.332147	0.104116
-0.299496	0.126743
0.299622	-0.132208
-0.000854	-0.180759
0.134841	-0.147337
-0.132282	0.152326
0.17933	-0.132693
-0.154895	0.135318
-0.132333	-0.15241
0.145072	0.147804
0.182748	0.127141
-0.173519	-0.134456
0.164871	0.010118
-0.163701	0.000718
-0.24779	-0.1357
0.244751	0.133996
-0.245645	0.12043
0.243615	-0.132494
0.213173	-0.1952
-0.19785	0.193385
0.304251	-0.000268
-0.305824	0.006381
0.140857	-0.111343
0.098437	-0.099814
-0.139105	0.107867
-0.10333	0.095756
0.307689	0.027428
-0.298941	-0.044691
0.312375	-0.10358
-0.299611	0.1109
-0.101549	0.116406
0.095753	-0.120064
0.133075	0.105993
-0.124416	-0.116306
0.270005	-0.13794
-0.281493	0.135568
0.20974	0.161881
-0.210472	-0.158032
0.209702	-0.162174
-0.212326	0.157231
-0.171998	-0.068405
0.173254	0.066468
0.212997	0.19436
-0.214152	-0.194928
0.317885	-0.034352
-0.320141	0.031742
-0.319824	-0.107434
0.316717	0.107753
-0.306582	-0.122516
0.302155	0.111787
0.133795	0.141349
-0.127486	-0.142266
0.287638	0.146156
-0.289032	-0.145008
-0.263999	-0.122516
0.26548	0.124885
-0.321921	0.072265
0.31648	0.058637
-0.319151	-0.066245
0.105514	-0.109734
-0.11388	0.106761
0.278203	-0.115451
-0.285619	0.110188
0.293177	0.036236
-0.291024	-0.036293
-0.310784	0.028751
0.301875	-0.033055
0.116533	-0.147865
-0.121065	0.140906
-0.136766	-0.130426
0.142023	0.128719
-0.184755	-0.133946
0.192043	0.14266
0.189772	-0.140374
-0.175497	0.140512
0.236327	0.137833
-0.179337	0.001905
0.179049	0.000505
0.31995	0.044298
-0.309555	-0.05039
0.320444	-0.069057
-0.313077	0.085572
-0.133979	-0.115074
0.115489	0.099391
0.149352	0.114786
-0.111067	-0.093428
0.209437	0.14631
-0.217443	-0.147173
0.221426	-0.148257
-0.223422	0.143881
-0.173444	-0.052979
0.175194	0.054236
-0.289058	-0.106796
0.288676	0.115338
-0.31609	-0.077777
0.310407	0.071251
-0.315311	0.061967
0.200404	-0.148725
0.198586	0.131817
-0.201267	-0.140227
-0.275723	-0.115254
0.276485	0.119799
0.134475	-0.131764
0.302449	0.052345
-0.305226	-0.061287
-0.313468	0.076366
-0.134424	0.130797
-0.24129	-0.116537
0.244267	0.108631
0.243046	-0.114688
0.179667	-0.114012
-0.166731	0.116822
-0.172623	-0.119324
0.172326	0.114667
-0.267703	-0.101923
0.270364	0.105773
-0.317667	-0.09182
0.311248	0.092878
0.318054	-0.051398
-0.314358	0.043274
-0.297946	0.024443
0.287977	-0.030466
0.28267	0.020866
-0.285132	-0.019449
-0.106343	0.152038
0.104594	-0.155375
0.235533	-0.137992
-0.234644	0.131426
-0.173272	0.009881
0.173056	-0.012036
0.158599	0.098938
-0.157039	-0.100543
-0.188842	-0.056066
0.187094	0.066772
0.259325	0.112229
-0.250222	-0.096334
-0.256396	0.111171
0.248532	-0.103707
0.160945	-0.113004
-0.155695	0.1035
0.113436	0.114268
-0.118203	-0.106849
0.100618	-0.139316
-0.111433	0.128458
-0.189417	-0.10311
0.184726	0.107295
0.189637	-0.106982
-0.187477	0.110601
0.277604	-0.134644
-0.271118	0.128702
0.225564	-0.116476
-0.237327	0.110506
-0.236167	-0.096881
0.232008	0.106752
-0.195871	-0.031763
0.186861	0.031409
0.209163	-0.138448
-0.212776	0.13222
-0.305706	0.071213
0.306705	-0.070304
-0.299929	-0.074791
0.293385	0.088436
-0.202783	-0.071177
0.201084	0.062259
-0.267698	0.102595
0.261693	-0.10833
0.176744	-0.030787
-0.174436	0.030977
-0.205375	-0.046858
0.201014	0.039423
-0.276354	0.016669
0.283308	-0.014798
0.270317	0.032034
-0.267214	-0.028856
0.151642	-0.10078
-0.150347	0.090743
-0.187813	-0.070309
0.188957	0.079287
0.251246	0.101086
0.171707	-0.10385
-0.176772	0.100244
-0.172675	-0.102093
0.176065	0.094223
-0.208249	-0.118813
0.205384	0.116275
0.205786	-0.116439
-0.204049	0.119054
0.233064	-0.107443
-0.248613	0.10198
0.294623	-0.073383
-0.287555	0.077622
0.285547	0.056192
-0.285311	-0.062018
-0.217475	-0.05898
0.216337	0.051994
-0.28164	0.093843
0.275521	-0.104208
-0.202166	-0.021765
0.208503	0.024103
-0.191522	-0.043342
0.180528	0.043057
-0.285614	0.003681
0.287418	0.004947
0.268291	-0.025446
-0.261535	0.040767
0.272652	0.039945
-0.270139	-0.048744
-0.205373	-0.102267
0.199508	0.099206
-0.294378	0.063743
0.259688	0.036593
-0.247648	-0.032028
0.216921	-0.126517
-0.273817	-0.004423
0.213175	0.101381
-0.221052	-0.100521
0.216936	-0.108028
-0.217182	0.10976
0.200515	-0.102557
-0.198043	0.105493
-0.190726	0.003629
0.196758	-0.001666
0.231767	-0.083314
-0.246212	0.08173
0.27884	-0.059699
-0.274064	0.070083
0.279931	0.085797
-0.269493	-0.081913
0.278633	-0.042293
-0.293326	0.04305
0.28361	0.101521
-0.278121	-0.093478
0.205709	-0.085835
-0.204064	0.086531
-0.203422	-0.086207
0.20661	0.080273
-0.216541	-0.071167
0.221235	0.071529
0.25001	0.022549
-0.242629	-0.016152
0.253991	0.003822
-0.250449	0.004123
0.218787	0.113606
-0.224189	-0.116906
0.209215	-0.016114
-0.208412	0.006008
-0.267945	0.083345
0.272707	-0.090921
0.256633	-0.079619
0.216393	-0.079704
-0.230358	0.081478
-0.27776	-0.071896
0.276584	0.064875
-0.257637	0.023978
0.253979	-0.031768
0.209873	0.131561
-0.212734	-0.134791
0.239669	0.038946
-0.228458	-0.033609
0.207353	-0.037297
-0.202446	0.024216
0.261232	0.074883
-0.26057	-0.073262
0.239255	-0.069561
-0.244249	0.065729
-0.243473	0.017687
0.246109	-0.017065
-0.228364	-0.07073
0.248191	0.071606
0.224364	0.032353
-0.213912	-0.028245
0.189476	-0.065982
-0.199767	0.073216
0.239863	-0.037341
-0.243305	0.04995
-0.231933	-0.047115
0.252688	0.046517
-0.189865	0.034094
0.188351	-0.037645
0.184078	-0.073605
-0.186104	0.077811
0.208476	-0.06793
-0.214062	0.069529
0.232133	-0.022959
-0.238402	0.029663
-0.242215	-0.061389
0.249252	0.058677
-0.236287	-0.080173
0.246559	0.083847
0.215389	0.007634
-0.220882	-0.006762
-0.235063	-0.001162
0.198348	-0.055424
-0.210762	0.056038
0.226666	-0.04312
-0.222718	0.026123
-0.279264	-0.190275
0.27876	0.190074
0.155097	-0.074229
-0.154967	0.072165
0.176742	-0.085937
-0.173127	0.082182
0.238889	-0.001115
0.209749	-0.180125
-0.215706	0.186773
0.176286	-0.061061
-0.167858	0.067139
-0.183059	-0.195822
0.179977	0.194156
0.172951	-0.073539
-0.17726	0.047962
0.168803	-0.043244
-0.383379	-0.210055
-0.383581	0.210328
-0.114591	0.036318
0.105983	0.037246
0.101414	-0.054218
0.142349	-0.027158
-0.028903	-0.139857
0.142252	-0.005959
-0.007451	-0.142805
-0.09288	0.086095
-0.007778	0.12388
0.118144	0.044751
0.095274	0.095159
0.335302	-0.176368
0.089563	-0.08937
-0.148017	0.058586
0.001497	-0.154858
-0.028976	-0.1617
0.14739	0.013346
0.16174	-0.005791
-0.156671	0.038345
-0.113209	0.085528
0.336163	0.140045
-0.333203	0.177895
0.038925	-0.155875
0.033629	0.167685
0.321762	-0.156911
0.23664	-0.174303
0.19587	-0.180941
0.149936	0.044587
-0.059379	-0.151191
-0.164083	0.019172
0.223735	-0.168855
0.000063	-0.170337
0.168424	0.00183
-0.181545	0.062964
-0.057055	-0.169255
0.266383	0.15763
0.227815	-0.159546
-0.2673	-0.157246
-0.092915	-0.163943
0.180494	-0.165616
0.085965	-0.131916
0.16804	0.037588
0.197635	-0.026589
0.112523	0.125393
0.121845	0.132514
-0.172172	-0.084887
-0.192535	0.045598
-0.19922	0.143908
-0.174863	-0.007331
0.107331	-0.127831
-0.083787	-0.160634
-0.241595	-0.162599
-0.107845	0.171485
0.240088	0.162959
-0.258359	0.16556
-0.048535	-0.17415
0.312616	0.156156
-0.143614	-0.111689
-0.180876	-0.164301
-0.338475	-0.138537
-0.207316	0.04163
0.110094	0.163387
0.325522	-0.121466
-0.13561	-0.162318
0.192686	-0.155387
-0.332024	-0.090634
0.281783	0.133272
-0.282538	-0.130332
0.198054	-0.043463
0.219004	-0.029745
0.173465	0.079881
0.183065	-0.097065
-0.164488	0.09673
-0.254301	0.147663
0.188579	-0.081661
0.130513	-0.118706
0.295818	0.139911
-0.264114	0.153877
-0.298672	-0.13829
0.120319	-0.132984
0.122828	-0.108998
-0.150704	0.15109
-0.239559	-0.147835
0.237339	0.148882
0.300897	-0.117711
0.289141	-0.116023
-0.216987	0.08239
0.278169	-0.126117
0.198492	-0.07517
0.121685	-0.12306
-0.165546	0.13071
0.213721	-0.049323
0.32496	-0.104062
-0.328896	0.095811
-0.222636	0.040255
-0.328105	-0.137341
-0.321341	-0.125217
-0.338094	-0.043777
-0.334871	0.080298
0.184997	0.057209
-0.2086	-0.036709
-0.254019	0.129322
0.170478	-0.122705
0.21162	-0.097133
-0.209469	0.099021
-0.327498	-0.079946
-0.160096	-0.137618
-0.203653	-0.00642
-0.228839	0.067373
-0.210979	-0.013672
0.301155	0.08105
-0.227726	-0.147743
0.224035	0.147687
0.300042	-0.103109
0.287709	-0.103108
0.162493	-0.131238
0.267498	-0.126058
-0.218621	0.093014
-0.263042	0.137368
0.188068	-0.12316
-0.305241	-0.107412
-0.156259	-0.154339
-0.177502	-0.149066
-0.323723	-0.040613
-0.190115	-0.146014
0.234957	-0.124004
0.194341	-0.115524
0.220553	-0.061574
0.246549	-0.051367
0.296804	0.063201
0.306022	0.040217
-0.234823	0.039606
-0.272766	0.144838
-0.241524	0.094028
0.234928	0.068955
0.270112	0.005563
0.270753	-0.006818
-0.227719	-0.01941
-0.306492	-0.133453
-0.294196	-0.093506
0.29779	-0.088193
0.28511	-0.08928
-0.300791	0.083032
0.173976	0.132395
-0.287503	-0.083449
0.289016	0.073423
0.237471	0.12249
-0.218653	-0.048425
-0.218631	-0.040126
-0.311243	-0.038606
-0.307788	-0.02531
0.227045	-0.073483
0.251909	-0.065502
0.265323	-0.061849
-0.238105	-0.133209
-0.250565	0.035785
0.22493	-0.102504
-0.303974	0.034984
-0.273621	0.113297
-0.259454	0.065894
0.236469	0.07936
0.220242	0.093126
0.294733	0.024812
0.296826	0.014731
0.269164	-0.116692
0.237728	-0.097126
0.281895	0.032742
0.262067	0.062774
0.239965	0.094179
0.290903	-0.060922
0.268011	0.044926
-0.302846	-0.037978
-0.297386	-0.029419
-0.277009	0.121923
0.280578	0.042375
0.281825	-0.074899
0.269181	-0.076754
-0.22897	-0.083135
-0.272449	0.033155
-0.279527	0.05289
0.272515	0.075005
-0.257908	0.076683
-0.254301	-0.081651
-0.248606	-0.087548
-0.293429	0.013173
-0.286898	0.030528
0.272746	0.055736
0.276964	0.050032
0.24355	-0.084508
0.251438	-0.093943
-0.282176	-0.043135
-0.284495	-0.029668
-0.242041	-0.085013
-0.285093	0.020077
-0.23821	-0.071877
-0.246598	-0.076002
-0.277997	-0.033794
-0.256073	-0.059357
-0.266304	-0.062676
-0.251241	-0.067223
