    00 0.0004063845987129 0.0004111297361718 0.0001618398999456 0.0004838095030633 0.0003434932112708 0.0007479880498833 0.0005152302892829
5.00e+002 0.0004047859519490 0.0004094794299656 0.0001621943645531 0.0004816023605037 0.0003405156654841 0.0007461321670515 0.0005138381501000
1.00e+003 0.0004365371324832 0.0004411664162471 0.0002027546989642 0.0005111956288411 0.0003654072109488 0.0007648607462003 0.0005257668472739
  1500 0.0004125166457061 0.0004166484902171 0.0002242434615973 0.0004716112963594 0.0003162015180346 0.0007040168808963 0.0004860981980551
2.00e+003 0.0003306999747085 0.0003363716375837 0.0001065716249189 0.0004181646631925 0.0002818251929385 0.0007272660322240 0.0004871917228785
  2500 0.0005042407600298 0.0005106786705201 0.0003014980228560 0.0005636476425874 0.0003906481942170 0.0006964681372359 0.0003479152129227
  3000 0.0006095814043676 0.0006097687073092 0.0006111646977967 0.0005685195778466 0.0003217187351115 0.0004722925706818 0.0004592446069510
3.50e+003 0.0001482254409798 0.0001466393775893 0.0003952028960929 0.0002077136154517 0.0002797844243774 0.0005986750810621 0.0002618364644899
4.00e+003 0.0007745748757586 0.0007869756778021 0.0005392330224727 0.0008184529308558 0.0004542355644912 0.0006069213408201 0.0001215101156041
  4500 0.0006858019737826 0.0006847149721982 0.0006224339011576 0.0004838767944890 0.0000478004631892 0.0009768018151904 0.0010067242674298
  5000 0.0007976367856734 0.0008108165285904 0.0009146994509052 0.0009064009829172 0.0007753915867554 0.0008867108571763 0.0007654477411973
  5500 0.0013789856781074 0.0013959099681387 0.0009204165151256 0.0009630681306252 0.0003876320846272 0.0005768083972005 0.0003513769627545
  6000 0.0009133348637505 0.0008900253177858 0.0010983600173727 0.0004490485562444 0.0006394679912937 0.0016539840388122 0.0015782093686128
6.50e+003 0.0001212999321323 0.0001380187486255 0.0002668815581867 0.0004621101173409 0.0010254311330807 0.0010807213423411 0.0008656593050787
7.00e+003 0.0016826036418165 0.0016635875456087 0.0013548589573923 0.0014201946116396 0.0012809638253992 0.0020442202250032 0.0017207185150726
7.50e+003 0.0022812787018570 0.0023529154276586 0.0020390671371693 0.0023709595635943 0.0007803180134197 0.0010815136873278 0.0014384771938139
8.00e+003 0.0016842587391731 0.0017638033160598 0.0022477835321226 0.0020192146727209 0.0013323884092332 0.0013792578949031 0.0013423060694825
  8500 0.0019491335971916 0.0019640177438593 0.0016760132534590 0.0009534070856051 0.0011115278251758 0.0016233349760859 0.0007507065430522
  9000 0.0041415320737709 0.0042640782664286 0.0045097581874471 0.0029358623714316 0.0027048013180237 0.0024377806392620 0.0001957376111965
  9500 0.0060815419937573 0.0063244230414318 0.0053905640138261 0.0043544558770563 0.0045113602065474 0.0053339909883814 0.0019638737267616
 10000 0.0056275380468586 0.0054858420101890 0.0051908177239004 0.0033736711207330 0.0057337809933459 0.0038246056249382 0.0026752168428221
 10500 0.0051293564112766 0.0050921401597699 0.0043757541885370 0.0036535686406471 0.0045986660108893 0.0033539509994108 0.0032758840604726
 11000 0.0025843677173238 0.0029097641198139 0.0016973950884360 0.0013348326201396 0.0018276541981234 0.0021915816678799 0.0026572567645152
 11500 0.0022653206963078 0.0019083712856460 0.0019751292976682 0.0011431430758748 0.0013322035955431 0.0011920135979874 0.0027846967480719
 12000 0.0045986058602281 0.0042423752738049 0.0037602704669675 0.0023122139093287 0.0037284914135164 0.0027950693234800 0.0027449602905264
 12500 0.0053941629624850 0.0053577457002502 0.0043792148445051 0.0022383989463037 0.0060345902393470 0.0045810947770742 0.0034535799374168
1.30e+004 0.0057941462276162 0.0057163753409333 0.0052690527357928 0.0001493518391487 0.0076161909157450 0.0055741094760696 0.0061553606965642
 13500 0.0076609670987936 0.0070756243734508 0.0071580766909704 0.0034030314806485 0.0075546987654925 0.0056341125888350 0.0090024246990669
1.40e+004 0.0091829316631799 0.0083363067844640 0.0082783003490588 0.0051922168156163 0.0065035328623508 0.0064168115895815 0.0104542863034273
 14500 0.0097452294742350 0.0089791312535457 0.0088496434396571 0.0049732127449548 0.0062683604800976 0.0072853402676373 0.0097277667989002
1.50e+004 0.0103244142194162 0.0098259915572122 0.0098133351949931 0.0051849139613212 0.0071296229520240 0.0065120544750040 0.0070512930401271
 15500 0.0113490838520041 0.0110331850655412 0.0109797235306576 0.0069169401153092 0.0080488793369219 0.0047011701823066 0.0034395913958577
1.60e+004 0.0117988158474464 0.0115479521318658 0.0112643259168010 0.0084585408488821 0.0080893829145079 0.0029488866909389 0.0004758709283318
 16500 0.0112999949526297 0.0110784230981800 0.0105625337502626 0.0089020490816766 0.0074496390719454 0.0026192355953717 0.0019812839287915
 17000 0.0099485167288933 0.0097488757576843 0.0090516406267098 0.0082650227476564 0.0062925958931777 0.0029648150407465 0.0031324054067784
 17500 0.0080954877939552 0.0079235619680798 0.0071956108312985 0.0069788802946989 0.0049744957088825 0.0031306410059103 0.0034350067287692
 18000 0.0063036324030657 0.0061661859543263 0.0054617550324983 0.0055692461988305 0.0037681227515517 0.0029616557076817 0.0032310970808404
 18500 0.0047725393674868 0.0046625594631697 0.0040221558286086 0.0042825053337433 0.0027609152709166 0.0026082156206985 0.0028081165966112
 19000 0.0035927316194420 0.0035063445561459 0.0029421077036378 0.0032567455531672 0.0020013585131008 0.0022146505683600 0.0023494502012103
 19500 0.0027423073591710 0.0026744359704227 0.0021837024729996 0.0024986153875428 0.0014562838086550 0.0018453696108821 0.0019285238089636
 20000 0.0021579082645202 0.0021041421460700 0.0016786833740185 0.0019673033256313 0.0010766626866294 0.0015306652341082 0.0015754573574287
